0,106.09,2.36
0,0,40,551.077415555,0,0.8,0.3,0.05,0.45,263,552.3621201,RETURNED,0.162419367325,0.852864435386,14,21,pop:sample:5
0,0,40,0.683407006375,1,1.02,0.35,0.18,0.49,263,0.765301892614,RETURNED,0.162419367325,0.852864435386,14,21,pop:sample:22
0,0,40,0.503650826257,2,0.71,0.37,0.2,0.13,269,0.574262905167,RETURNED,0.162419367325,0.852864435386,14,21,pop:sample:39
0,0,40,0.465683015633,3,0.55,0.12,0.21,0.22,278,0.501517398136,RETURNED,0.162419367325,0.852864435386,14,21,pop:sample:52
0,0,40,0.431010361486,4,0.52,0.16,0.23,0.14,270,0.47136370281,RETURNED,0.162419367325,0.852864435386,14,21,pop:sample:66
0,0,40,0.428406098651,5,0.78,0.1,0.22,0.46,273,0.429163565861,RETURNED,0.162419367325,0.852864435386,14,21,pop:sample:68
0,0,40,0.400695247269,6,0.62,0.17,0.22,0.23,268,0.412247350541,RETURNED,0.162419367325,0.852864435386,14,21,pop:sample:82
0,0,40,0.413617706678,7,1.0,0.57,0.22,0.21,266,0.422469614975,RETURNED,0.162419367325,0.852864435386,14,21,pop:sample:87
0,0,40,0.350983076877,8,1.25,0.56,0.21,0.48,279,0.369624437831,RETURNED,0.162419367325,0.852864435386,14,21,pop:sample:105
0,0,40,0.3450424479,9,0.93,0.4,0.23,0.29,280,0.384397630461,RETURNED,0.162419367325,0.852864435386,14,21,pop:sample:114
0,0,40,0.313982561036,10,1.82,0.23,0.21,1.37,276,0.330966371665,RETURNED,0.162419367325,0.852864435386,14,21,pop:sample:130
0,0,40,0.327829343574,11,1.32,0.15,0.23,0.95,291,0.331029620223,RETURNED,0.162419367325,0.852864435386,14,21,pop:sample:145
0,0,40,0.310045566542,12,2.82,2.22,0.22,0.38,276,0.319801511265,RETURNED,0.162419367325,0.852864435386,14,21,pop:sample:159
0,0,40,0.244401256422,13,1.07,0.77,0.22,0.08,257,0.245121214662,RETURNED,0.162419367325,0.852864435386,14,21,pop:sample:180
0,0,40,0.244401256422,14,2.31,1.07,0.22,1.02,262,0.244401256422,RETURNED,0.162419367325,0.852864435386,14,21,pop:sample:193
0,0,40,0.242685805508,15,1.71,1.37,0.23,0.12,262,0.243115571359,RETURNED,0.162419367325,0.852864435386,14,21,pop:sample:218
0,0,40,0.230356685872,16,0.69,0.37,0.23,0.09,274,0.235940658312,RETURNED,0.162419367325,0.852864435386,14,21,pop:sample:230
0,0,40,0.208563036678,17,0.61,0.23,0.22,0.15,257,0.209763495104,RETURNED,0.162419367325,0.852864435386,14,21,pop:sample:243
0,0,40,0.209404399408,18,0.49,0.15,0.22,0.13,263,0.210729560543,RETURNED,0.162419367325,0.852864435386,14,21,pop:sample:252
0,0,40,0.207089323963,19,0.54,0.14,0.22,0.18,269,0.20834429976,RETURNED,0.162419367325,0.852864435386,14,21,pop:sample:258
0,0,40,0.206962502775,20,1.44,0.92,0.22,0.29,276,0.206962502775,RETURNED,0.162419367325,0.852864435386,14,21,pop:sample:265
0,0,40,0.1936651603,21,2.26,1.92,0.23,0.11,281,0.198380835411,RETURNED,0.162419367325,0.852864435386,14,21,pop:sample:284
0,0,40,0.183105948213,22,0.44,0.12,0.23,0.1,274,0.190621000123,RETURNED,0.162419367325,0.852864435386,14,21,pop:sample:301
0,0,40,0.190144905749,23,0.54,0.13,0.22,0.18,271,0.191980050575,RETURNED,0.162419367325,0.852864435386,14,21,pop:sample:302
0,0,40,0.182651492331,24,0.48,0.13,0.22,0.13,269,0.183105948213,RETURNED,0.162419367325,0.852864435386,14,21,pop:sample:309
0,0,40,0.181173360551,25,1.01,0.63,0.22,0.16,266,0.181276642542,RETURNED,0.162419367325,0.852864435386,14,21,pop:sample:315
0,0,40,0.17704014082,26,0.5,0.14,0.22,0.14,285,0.180534096089,RETURNED,0.162419367325,0.852864435386,14,21,pop:sample:327
0,0,40,0.178070406351,27,0.63,0.21,0.3,0.13,263,0.182651492331,RETURNED,0.162419367325,0.852864435386,14,21,pop:sample:340
0,0,40,0.176306637037,28,1.65,1.3,0.23,0.11,273,0.177889114494,RETURNED,0.162419367325,0.852864435386,14,21,pop:sample:345
0,0,40,0.174605876625,29,0.53,0.19,0.22,0.12,265,0.175052402123,RETURNED,0.162419367325,0.852864435386,14,21,pop:sample:361
0,0,40,0.166784675696,30,0.5,0.13,0.22,0.15,274,0.166784675696,RETURNED,0.162419367325,0.852864435386,14,21,pop:sample:372
0,0,40,0.164345728505,31,1.22,0.2,0.22,0.8,279,0.166444605737,RETURNED,0.162419367325,0.852864435386,14,21,pop:sample:379
0,0,40,0.160656354806,32,0.87,0.48,0.22,0.17,267,0.162994141966,RETURNED,0.162419367325,0.852864435386,14,21,pop:sample:395
0,0,40,0.160977737118,33,1.77,1.39,0.22,0.15,269,0.160977737118,RETURNED,0.162419367325,0.852864435386,14,21,pop:sample:408
0,0,40,0.158978559468,34,0.58,0.19,0.23,0.17,266,0.160119234065,RETURNED,0.162419367325,0.852864435386,14,21,pop:sample:425
0,0,40,0.154760015556,35,1.09,0.67,0.23,0.19,268,0.158616167953,RETURNED,0.162419367325,0.852864435386,14,21,pop:sample:431
0,0,40,0.151092546987,36,1.25,0.18,0.27,0.79,267,0.154760015556,RETURNED,0.162419367325,0.852864435386,14,21,pop:sample:446
0,0,40,0.147906323231,37,3.07,1.61,0.22,1.25,270,0.148436741699,RETURNED,0.162419367325,0.852864435386,14,21,pop:sample:461
0,0,40,0.141131597709,38,2.2,1.29,0.23,0.68,270,0.143099896281,RETURNED,0.162419367325,0.852864435386,14,21,pop:sample:483
0,0,40,0.137973230181,39,0.51,0.14,0.22,0.15,267,0.141815527973,RETURNED,0.162419367325,0.852864435386,14,21,pop:sample:507
0,0,40,0.13570109799,40,1.14,0.82,0.23,0.1,278,0.13570109799,RETURNED,0.162419367325,0.852864435386,14,21,pop:sample:512
0,0,40,0.130840704009,41,0.53,0.13,0.23,0.17,289,0.134428333719,RETURNED,0.162419367325,0.852864435386,14,21,pop:sample:523
0,0,40,0.129833537668,42,0.78,0.2,0.22,0.36,276,0.130840704009,RETURNED,0.162419367325,0.852864435386,14,21,pop:sample:531
0,0,40,0.127700767492,43,0.79,0.3,0.23,0.26,274,0.129833537668,RETURNED,0.162419367325,0.852864435386,14,21,pop:sample:544
0,0,40,0.128151395857,44,1.24,0.14,0.22,0.87,281,0.129840795328,RETURNED,0.162419367325,0.852864435386,14,21,pop:sample:556
0,0,40,0.123981731223,45,0.66,0.19,0.24,0.23,281,0.123981731223,RETURNED,0.162419367325,0.852864435386,14,21,pop:sample:568
0,0,40,0.126281472905,46,1.97,1.14,0.23,0.61,274,0.126281472905,RETURNED,0.162419367325,0.852864435386,14,21,pop:sample:578
0,0,40,0.121280111453,47,1.37,1.02,0.22,0.14,265,0.121280111453,RETURNED,0.162419367325,0.852864435386,14,21,pop:sample:604
0,0,40,0.118888488037,48,0.91,0.15,0.22,0.54,282,0.118888488037,RETURNED,0.162419367325,0.852864435386,14,21,pop:sample:618
0,0,40,0.114846870127,49,1.43,0.19,0.23,1.01,279,0.116588669778,RETURNED,0.162419367325,0.852864435386,14,21,pop:sample:630
0,1,40,582.926453918,0,0.73,0.32,0.06,0.34,290,585.957868387,RETURNED,0.979460141185,0.30964147133,14,20,pop:sample:8
0,1,40,0.62895899227,1,1.01,0.18,0.28,0.55,291,0.628999306496,RETURNED,0.979460141185,0.30964147133,14,20,pop:sample:21
0,1,40,0.613387076647,2,0.87,0.36,0.28,0.22,289,0.574077786015,RETURNED,0.979460141185,0.30964147133,14,20,pop:sample:37
0,1,40,0.606244044755,3,0.77,0.38,0.29,0.1,293,0.531110629914,RETURNED,0.979460141185,0.30964147133,14,20,pop:sample:59
0,1,40,0.575459635026,4,0.53,0.12,0.28,0.13,289,0.497892409856,RETURNED,0.979460141185,0.30964147133,14,20,pop:sample:67
0,1,40,0.518708810626,5,1.3,0.29,0.29,0.72,287,0.472005170968,RETURNED,0.979460141185,0.30964147133,14,20,pop:sample:74
0,1,40,0.559371130141,6,0.78,0.11,0.28,0.38,290,0.44864251796,RETURNED,0.979460141185,0.30964147133,14,20,pop:sample:90
0,1,40,0.574604045436,7,0.68,0.25,0.29,0.15,293,0.410382089599,RETURNED,0.979460141185,0.30964147133,14,20,pop:sample:103
0,1,40,0.55427344348,8,0.9,0.16,0.29,0.45,290,0.385471505826,RETURNED,0.979460141185,0.30964147133,14,20,pop:sample:110
0,1,40,0.477981513559,9,1.88,0.46,0.29,1.13,291,0.360302753391,RETURNED,0.979460141185,0.30964147133,14,20,pop:sample:120
0,1,40,0.506615576112,10,1.21,0.19,0.28,0.74,291,0.345531575496,RETURNED,0.979460141185,0.30964147133,14,20,pop:sample:138
0,1,40,0.48161437665,11,3.13,0.93,0.29,1.91,290,0.348354370315,RETURNED,0.979460141185,0.30964147133,14,20,pop:sample:147
0,1,40,0.464169094964,12,0.74,0.13,0.29,0.33,289,0.303822723985,RETURNED,0.979460141185,0.30964147133,14,20,pop:sample:173
0,1,40,0.471649708675,13,1.75,0.36,0.28,1.11,285,0.290867331348,RETURNED,0.979460141185,0.30964147133,14,20,pop:sample:183
0,1,40,0.411903031533,14,0.65,0.27,0.28,0.1,286,0.269144322998,RETURNED,0.979460141185,0.30964147133,14,20,pop:sample:200
0,1,40,0.449593664366,15,2.38,1.9,0.29,0.19,290,0.24610207625,RETURNED,0.979460141185,0.30964147133,14,20,pop:sample:210
0,1,40,0.459423327608,16,0.89,0.48,0.29,0.12,288,0.256954405322,RETURNED,0.979460141185,0.30964147133,14,20,pop:sample:227
0,1,40,0.441427288207,17,1.42,0.53,0.28,0.6,290,0.240078277293,RETURNED,0.979460141185,0.30964147133,14,20,pop:sample:242
0,1,40,0.408481344669,18,0.9,0.16,0.29,0.45,290,0.24862701123,RETURNED,0.979460141185,0.30964147133,14,20,pop:sample:263
0,1,40,0.472417439364,19,1.84,1.18,0.28,0.38,287,0.236293011745,RETURNED,0.979460141185,0.30964147133,14,20,pop:sample:277
0,1,40,0.445445190646,20,2.22,1.79,0.29,0.14,291,0.225527620438,RETURNED,0.979460141185,0.30964147133,14,20,pop:sample:291
0,1,40,0.461979621516,21,0.52,0.15,0.29,0.09,291,0.222013657586,RETURNED,0.979460141185,0.30964147133,14,20,pop:sample:310
0,1,40,0.44038808551,22,1.06,0.13,0.29,0.64,290,0.226283239038,RETURNED,0.979460141185,0.30964147133,14,20,pop:sample:316
0,1,40,0.425751204655,23,1.28,0.87,0.29,0.11,288,0.199206723112,RETURNED,0.979460141185,0.30964147133,14,20,pop:sample:329
0,1,40,0.411126130113,24,0.7,0.13,0.29,0.28,285,0.211432100438,RETURNED,0.979460141185,0.30964147133,14,20,pop:sample:347
0,1,40,0.413246183836,25,0.55,0.13,0.29,0.13,292,0.203504535318,RETURNED,0.979460141185,0.30964147133,14,20,pop:sample:352
0,1,40,0.393371648522,26,1.18,0.19,0.29,0.7,290,0.198492802781,RETURNED,0.979460141185,0.30964147133,14,20,pop:sample:360
0,1,40,0.429618274684,27,1.71,1.31,0.28,0.11,291,0.176306637037,RETURNED,0.979460141185,0.30964147133,14,20,pop:sample:382
0,1,40,0.37537806857,28,0.54,0.13,0.27,0.14,284,0.164345728505,RETURNED,0.979460141185,0.30964147133,14,20,pop:sample:405
0,1,40,0.407705384607,29,0.68,0.25,0.29,0.14,294,0.159091153332,RETURNED,0.979460141185,0.30964147133,14,20,pop:sample:411
0,1,40,0.45716485952,30,1.95,1.13,0.29,0.53,289,0.179354170071,RETURNED,0.979460141185,0.30964147133,14,20,pop:sample:415
0,1,40,0.417173158206,31,0.58,0.19,0.28,0.11,292,0.161896577514,RETURNED,0.979460141185,0.30964147133,14,20,pop:sample:440
0,1,40,0.449891661855,32,0.71,0.2,0.34,0.17,291,0.156707169278,RETURNED,0.979460141185,0.30964147133,14,20,pop:sample:449
0,1,40,0.384143124319,33,0.63,0.16,0.28,0.19,288,0.166105099746,RETURNED,0.979460141185,0.30964147133,14,20,pop:sample:456
0,1,40,0.397079219476,34,1.41,1.03,0.28,0.1,288,0.181389717104,RETURNED,0.979460141185,0.30964147133,14,20,pop:sample:463
0,1,40,0.420837922448,35,2.23,1.8,0.29,0.14,288,0.163066612852,RETURNED,0.979460141185,0.30964147133,14,20,pop:sample:473
0,1,40,0.355828093092,36,0.95,0.27,0.29,0.38,289,0.144846607893,RETURNED,0.979460141185,0.30964147133,14,20,pop:sample:488
0,1,40,0.354624867493,37,1.67,0.47,0.28,0.93,287,0.171272013733,RETURNED,0.979460141185,0.30964147133,14,20,pop:sample:500
0,1,40,0.372890758198,38,0.99,0.12,0.3,0.56,291,0.16261376707,RETURNED,0.979460141185,0.30964147133,14,20,pop:sample:515
0,1,40,0.417066043712,39,0.69,0.25,0.29,0.15,292,0.158001335856,RETURNED,0.979460141185,0.30964147133,14,20,pop:sample:527
0,1,40,0.39533927218,40,1.38,0.48,0.28,0.62,289,0.166051084652,RETURNED,0.979460141185,0.30964147133,14,20,pop:sample:542
0,1,40,0.403513493449,41,1.57,1.13,0.29,0.15,289,0.151215096097,RETURNED,0.979460141185,0.30964147133,14,20,pop:sample:558
0,1,40,0.414504754908,42,1.86,0.51,0.29,1.06,290,0.153640044698,RETURNED,0.979460141185,0.30964147133,14,20,pop:sample:575
0,1,40,0.374718098815,43,1.5,0.12,0.29,1.08,292,0.155570456016,RETURNED,0.979460141185,0.30964147133,14,20,pop:sample:596
0,1,40,0.431737081499,44,1.26,0.84,0.29,0.12,290,0.137692712567,RETURNED,0.979460141185,0.30964147133,14,20,pop:sample:614
0,1,40,0.384162958501,45,1.65,1.27,0.28,0.1,290,0.13650866385,RETURNED,0.979460141185,0.30964147133,14,20,pop:sample:632
0,1,40,0.35148997382,46,0.95,0.17,0.31,0.47,288,0.139833637341,RETURNED,0.979460141185,0.30964147133,14,20,pop:sample:645
0,1,40,0.384018691956,47,0.65,0.2,0.29,0.16,290,0.142132178322,RETURNED,0.979460141185,0.30964147133,14,20,pop:sample:653
0,1,40,0.392853668815,48,1.46,0.77,0.28,0.4,289,0.137206360863,RETURNED,0.979460141185,0.30964147133,14,20,pop:sample:663
0,1,40,0.372520852464,49,0.64,0.21,0.29,0.14,285,0.113544488097,RETURNED,0.979460141185,0.30964147133,14,20,pop:sample:675
0,2,40,612.032407141,0,0.92,0.33,0.09,0.5,435,616.632852109,RETURNED,0.878527473979,0.648449042363,15,29,pop:sample:11
0,2,40,0.552186805522,1,0.98,0.3,0.47,0.21,431,0.637568764104,RETURNED,0.878527473979,0.648449042363,15,29,pop:sample:25
0,2,40,0.554160069291,2,0.69,0.16,0.42,0.11,429,0.572789213497,RETURNED,0.878527473979,0.648449042363,15,29,pop:sample:43
0,2,40,0.550075041158,3,1.87,1.31,0.43,0.13,429,0.500856423102,RETURNED,0.878527473979,0.648449042363,15,29,pop:sample:54
0,2,40,0.483775917691,4,0.82,0.2,0.42,0.19,426,0.457792293937,RETURNED,0.878527473979,0.648449042363,15,29,pop:sample:81
0,2,40,0.47663885467,5,1.59,0.6,0.45,0.54,429,0.395684308655,RETURNED,0.878527473979,0.648449042363,15,29,pop:sample:89
0,2,40,0.442927159865,6,0.94,0.15,0.42,0.37,426,0.369055994248,RETURNED,0.878527473979,0.648449042363,15,29,pop:sample:109
0,2,40,0.504970517599,7,1.2,0.64,0.44,0.12,440,0.350983076877,RETURNED,0.878527473979,0.648449042363,15,29,pop:sample:121
0,2,40,0.455842812123,8,1.98,1.43,0.43,0.11,432,0.342648260762,RETURNED,0.878527473979,0.648449042363,15,29,pop:sample:132
0,2,40,0.424477243867,9,2.9,0.59,0.43,1.88,433,0.338408555955,RETURNED,0.878527473979,0.648449042363,15,29,pop:sample:149
0,2,40,0.379636506094,10,0.97,0.15,0.42,0.4,436,0.26075868623,RETURNED,0.878527473979,0.648449042363,15,29,pop:sample:172
0,2,40,0.331569468606,11,3.86,1.71,0.43,1.72,417,0.25195673163,RETURNED,0.878527473979,0.648449042363,15,29,pop:sample:186
0,2,40,0.392775340323,12,0.95,0.23,0.44,0.28,428,0.236245295768,RETURNED,0.878527473979,0.648449042363,15,29,pop:sample:220
0,2,40,0.353954329721,13,1.92,0.83,0.43,0.66,433,0.253370175862,RETURNED,0.878527473979,0.648449042363,15,29,pop:sample:231
0,2,40,0.381212622747,14,0.76,0.17,0.42,0.17,429,0.215083623876,RETURNED,0.878527473979,0.648449042363,15,29,pop:sample:261
0,2,40,0.358422250141,15,3.06,1.42,0.42,1.22,429,0.210433809022,RETURNED,0.878527473979,0.648449042363,15,29,pop:sample:272
0,2,40,0.336865600604,16,0.69,0.13,0.44,0.12,432,0.229052710157,RETURNED,0.878527473979,0.648449042363,15,29,pop:sample:297
0,2,40,0.41401228826,17,0.73,0.15,0.43,0.15,434,0.183151942032,RETURNED,0.878527473979,0.648449042363,15,29,pop:sample:303
0,2,40,0.376821795617,18,0.7,0.14,0.43,0.12,430,0.195817400002,RETURNED,0.878527473979,0.648449042363,15,29,pop:sample:311
0,2,40,0.367765188537,19,0.75,0.15,0.43,0.16,432,0.192032468783,RETURNED,0.878527473979,0.648449042363,15,29,pop:sample:319
0,2,40,0.354115513428,20,0.69,0.14,0.43,0.12,420,0.182145827615,RETURNED,0.878527473979,0.648449042363,15,29,pop:sample:330
0,2,40,0.337729579942,21,2.12,1.53,0.44,0.15,432,0.1994036274,RETURNED,0.878527473979,0.648449042363,15,29,pop:sample:341
0,2,40,0.35578044495,22,1.02,0.46,0.42,0.13,432,0.174544509135,RETURNED,0.878527473979,0.648449042363,15,29,pop:sample:363
0,2,40,0.306441282269,23,1.34,0.78,0.42,0.13,425,0.172816239681,RETURNED,0.878527473979,0.648449042363,15,29,pop:sample:381
0,2,40,0.358227279738,24,2.09,1.54,0.43,0.12,429,0.164341605749,RETURNED,0.878527473979,0.648449042363,15,29,pop:sample:399
0,2,40,0.286500545381,25,1.04,0.46,0.42,0.16,424,0.165937427359,RETURNED,0.878527473979,0.648449042363,15,29,pop:sample:418
0,2,40,0.319022233206,26,0.8,0.14,0.44,0.22,426,0.188506355319,RETURNED,0.878527473979,0.648449042363,15,29,pop:sample:433
0,2,40,0.289729004838,27,1.01,0.24,0.49,0.28,420,0.172264908832,RETURNED,0.878527473979,0.648449042363,15,29,pop:sample:443
0,2,40,0.281296103017,28,3.48,1.28,0.42,1.79,426,0.158836737676,RETURNED,0.878527473979,0.648449042363,15,29,pop:sample:457
0,2,40,0.363810919803,29,1.36,0.22,0.44,0.7,431,0.161097199262,RETURNED,0.878527473979,0.648449042363,15,29,pop:sample:481
0,2,40,0.353743892663,30,0.79,0.17,0.43,0.19,429,0.148996331253,RETURNED,0.878527473979,0.648449042363,15,29,pop:sample:495
0,2,40,0.320451020189,31,1.44,0.16,0.43,0.85,426,0.163925819458,RETURNED,0.878527473979,0.648449042363,15,29,pop:sample:505
0,2,40,0.35870412473,32,0.73,0.16,0.43,0.14,431,0.136759920324,RETURNED,0.878527473979,0.648449042363,15,29,pop:sample:518
0,2,40,0.317370317633,33,0.75,0.15,0.42,0.17,439,0.156436129825,RETURNED,0.878527473979,0.648449042363,15,29,pop:sample:526
0,2,40,0.308014658352,34,2.19,0.56,0.43,1.2,427,0.133849083098,RETURNED,0.878527473979,0.648449042363,15,29,pop:sample:541
0,2,40,0.312505107827,35,1.27,0.18,0.43,0.66,433,0.1440608042,RETURNED,0.878527473979,0.648449042363,15,29,pop:sample:567
0,2,40,0.327700961216,36,0.82,0.29,0.43,0.1,434,0.124197296901,RETURNED,0.878527473979,0.648449042363,15,29,pop:sample:584
0,2,40,0.302460722221,37,0.8,0.13,0.43,0.24,431,0.147292833363,RETURNED,0.878527473979,0.648449042363,15,29,pop:sample:591
0,2,40,0.368991165136,38,1.38,0.16,0.44,0.77,435,0.121697372143,RETURNED,0.878527473979,0.648449042363,15,29,pop:sample:603
0,2,40,0.319850688749,39,2.48,0.86,0.43,1.2,430,0.116805758767,RETURNED,0.878527473979,0.648449042363,15,29,pop:sample:619
0,2,40,0.337738432213,40,1.39,0.76,0.43,0.2,427,0.114846870127,RETURNED,0.878527473979,0.648449042363,15,29,pop:sample:643
0,2,40,0.329947498998,41,1.33,0.15,0.44,0.73,430,0.143624113955,RETURNED,0.878527473979,0.648449042363,15,29,pop:sample:657
0,2,40,0.365890917611,42,1.05,0.19,0.43,0.42,427,0.109896400644,RETURNED,0.878527473979,0.648449042363,15,29,pop:sample:670
0,2,40,0.274973372806,43,1.11,0.13,0.47,0.51,420,0.111553857808,RETURNED,0.878527473979,0.648449042363,15,29,pop:sample:682
0,2,40,0.284666591917,44,0.82,0.24,0.42,0.16,422,0.108337586445,RETURNED,0.878527473979,0.648449042363,15,29,pop:sample:697
0,2,40,0.328892007856,45,1.66,0.41,0.43,0.82,437,0.10971882689,RETURNED,0.878527473979,0.648449042363,15,29,pop:sample:702
0,2,40,0.332143644078,46,0.75,0.21,0.43,0.11,429,0.106089192131,RETURNED,0.878527473979,0.648449042363,15,29,pop:sample:718
0,2,40,0.25398680611,47,0.84,0.14,0.43,0.27,417,0.100299700392,RETURNED,0.878527473979,0.648449042363,15,29,pop:sample:723
0,2,40,0.372046217777,48,1.29,0.7,0.43,0.15,437,0.103128885278,RETURNED,0.878527473979,0.648449042363,15,29,pop:sample:730
0,2,40,0.279133352707,49,0.85,0.29,0.43,0.13,431,0.100299700392,RETURNED,0.878527473979,0.648449042363,15,29,pop:sample:743
0,3,40,534.385608683,0,0.52,0.28,0.04,0.19,168,579.764672696,RETURNED,0.157831033255,0.704679962709,13,18,pop:sample:4
0,3,40,0.621715212515,1,0.84,0.45,0.13,0.26,176,0.735524874301,RETURNED,0.157831033255,0.704679962709,13,18,pop:sample:17
0,3,40,0.573746490311,2,0.48,0.15,0.17,0.15,184,0.5954946491,RETURNED,0.157831033255,0.704679962709,13,18,pop:sample:30
0,3,40,0.577642503565,3,0.7,0.15,0.17,0.39,180,0.594750607855,RETURNED,0.157831033255,0.704679962709,13,18,pop:sample:41
0,3,40,0.475676738805,4,0.58,0.33,0.16,0.08,166,0.484302566349,RETURNED,0.157831033255,0.704679962709,13,18,pop:sample:55
0,3,40,0.473553802461,5,0.95,0.33,0.17,0.45,187,0.475676738805,RETURNED,0.157831033255,0.704679962709,13,18,pop:sample:65
0,3,40,0.465246463707,6,1.25,0.5,0.17,0.58,179,0.480006077655,RETURNED,0.157831033255,0.704679962709,13,18,pop:sample:75
0,3,40,0.404707019755,7,0.72,0.12,0.17,0.43,174,0.409664620362,RETURNED,0.157831033255,0.704679962709,13,18,pop:sample:91
0,3,40,0.35374532974,8,1.27,0.5,0.17,0.6,180,0.367987601401,RETURNED,0.157831033255,0.704679962709,13,18,pop:sample:101
0,3,40,0.349607058553,9,0.73,0.18,0.17,0.38,184,0.35374532974,RETURNED,0.157831033255,0.704679962709,13,18,pop:sample:111
0,3,40,0.326921547698,10,0.64,0.35,0.18,0.11,163,0.337911586977,RETURNED,0.157831033255,0.704679962709,13,18,pop:sample:126
0,3,40,0.335417957402,11,2.91,1.69,0.16,1.07,160,0.341778191331,RETURNED,0.157831033255,0.704679962709,13,18,pop:sample:131
0,3,40,0.292313121722,12,2.33,0.32,0.17,1.84,184,0.29973598081,RETURNED,0.157831033255,0.704679962709,13,18,pop:sample:156
0,3,40,0.25195673163,13,0.57,0.3,0.17,0.1,170,0.25195673163,RETURNED,0.157831033255,0.704679962709,13,18,pop:sample:171
0,3,40,0.254913922241,14,0.51,0.13,0.18,0.2,191,0.254913922241,RETURNED,0.157831033255,0.704679962709,13,18,pop:sample:178
0,3,40,0.25195673163,15,2.98,1.68,0.17,1.13,167,0.25195673163,RETURNED,0.157831033255,0.704679962709,13,18,pop:sample:187
0,3,40,0.251235122382,16,1.4,0.15,0.17,1.08,184,0.255154177417,RETURNED,0.157831033255,0.704679962709,13,18,pop:sample:217
0,3,40,0.224373154339,17,0.68,0.17,0.18,0.33,178,0.224373154339,RETURNED,0.157831033255,0.704679962709,13,18,pop:sample:226
0,3,40,0.217012376101,18,0.81,0.47,0.17,0.16,184,0.217012376101,RETURNED,0.157831033255,0.704679962709,13,18,pop:sample:238
0,3,40,0.209952062971,19,0.57,0.23,0.18,0.17,174,0.217337147603,RETURNED,0.157831033255,0.704679962709,13,18,pop:sample:251
0,3,40,0.217354996201,20,0.74,0.44,0.17,0.13,175,0.217654613112,RETURNED,0.157831033255,0.704679962709,13,18,pop:sample:259
0,3,40,0.207089323963,21,1.28,0.95,0.17,0.16,185,0.207089323963,RETURNED,0.157831033255,0.704679962709,13,18,pop:sample:269
0,3,40,0.203945205632,22,0.74,0.38,0.17,0.19,178,0.205870568857,RETURNED,0.157831033255,0.704679962709,13,18,pop:sample:285
0,3,40,0.196609738192,23,0.44,0.13,0.17,0.13,194,0.196609738192,RETURNED,0.157831033255,0.704679962709,13,18,pop:sample:290
0,3,40,0.196316775433,24,2.42,1.98,0.18,0.26,179,0.196609738192,RETURNED,0.157831033255,0.704679962709,13,18,pop:sample:293
0,3,40,0.183105948213,25,0.48,0.16,0.18,0.14,194,0.183105948213,RETURNED,0.157831033255,0.704679962709,13,18,pop:sample:318
0,3,40,0.182145827615,26,0.6,0.34,0.17,0.09,175,0.182145827615,RETURNED,0.157831033255,0.704679962709,13,18,pop:sample:324
0,3,40,0.174647395877,27,1.08,0.13,0.24,0.71,159,0.176689790858,RETURNED,0.157831033255,0.704679962709,13,18,pop:sample:334
0,3,40,0.179401915843,28,1.33,1.07,0.17,0.09,180,0.179401915843,RETURNED,0.157831033255,0.704679962709,13,18,pop:sample:348
0,3,40,0.174647395877,29,0.52,0.15,0.19,0.18,189,0.174647395877,RETURNED,0.157831033255,0.704679962709,13,18,pop:sample:359
0,3,40,0.170116894482,30,1.3,0.97,0.17,0.16,184,0.169502950467,RETURNED,0.157831033255,0.704679962709,13,18,pop:sample:373
0,3,40,0.164341605749,31,0.88,0.16,0.19,0.53,174,0.164341605749,RETURNED,0.157831033255,0.704679962709,13,18,pop:sample:390
0,3,40,0.164381933296,32,1.6,0.15,0.17,1.28,171,0.164381933296,RETURNED,0.157831033255,0.704679962709,13,18,pop:sample:401
0,3,40,0.157178099607,33,0.48,0.12,0.17,0.2,169,0.159203012752,RETURNED,0.157831033255,0.704679962709,13,18,pop:sample:416
0,3,40,0.161341997276,34,1.33,0.63,0.18,0.52,171,0.161449177207,RETURNED,0.157831033255,0.704679962709,13,18,pop:sample:422
0,3,40,0.159716456832,35,0.57,0.22,0.18,0.17,175,0.160977737118,RETURNED,0.157831033255,0.704679962709,13,18,pop:sample:437
0,3,40,0.151631596582,36,1.44,0.18,0.23,1.04,177,0.153681028064,RETURNED,0.157831033255,0.704679962709,13,18,pop:sample:448
0,3,40,0.14936848711,37,2.85,1.31,0.17,1.37,180,0.14936848711,RETURNED,0.157831033255,0.704679962709,13,18,pop:sample:464
0,3,40,0.146135051572,38,0.41,0.15,0.17,0.09,185,0.146135051572,RETURNED,0.157831033255,0.704679962709,13,18,pop:sample:482
0,3,40,0.143540866101,39,0.43,0.11,0.18,0.14,189,0.146061113932,RETURNED,0.157831033255,0.704679962709,13,18,pop:sample:485
0,3,40,0.142928500482,40,0.85,0.56,0.17,0.12,178,0.143732049922,RETURNED,0.157831033255,0.704679962709,13,18,pop:sample:490
0,3,40,0.137710572982,41,1.82,1.54,0.18,0.1,192,0.140606804969,RETURNED,0.157831033255,0.704679962709,13,18,pop:sample:501
0,3,40,0.135960145502,42,1.06,0.75,0.17,0.14,177,0.135960145502,RETURNED,0.157831033255,0.704679962709,13,18,pop:sample:520
0,3,40,0.13001159448,43,0.74,0.21,0.18,0.34,187,0.13001159448,RETURNED,0.157831033255,0.704679962709,13,18,pop:sample:534
0,3,40,0.134366048146,44,1.02,0.72,0.18,0.12,191,0.134366048146,RETURNED,0.157831033255,0.704679962709,13,18,pop:sample:547
0,3,40,0.123452158236,45,1.92,1.26,0.17,0.49,179,0.123452158236,RETURNED,0.157831033255,0.704679962709,13,18,pop:sample:562
0,3,40,0.123452158236,46,1.59,1.14,0.17,0.27,184,0.123452158236,RETURNED,0.157831033255,0.704679962709,13,18,pop:sample:582
0,3,40,0.119620173213,47,0.39,0.12,0.17,0.1,160,0.119620173213,RETURNED,0.157831033255,0.704679962709,13,18,pop:sample:597
0,3,40,0.119620173213,48,1.0,0.21,0.17,0.61,177,0.119620173213,RETURNED,0.157831033255,0.704679962709,13,18,pop:sample:605
0,3,40,0.116805758767,49,0.49,0.19,0.17,0.14,182,0.116805758767,RETURNED,0.157831033255,0.704679962709,13,18,pop:sample:616
0,4,40,467.328396455,0,0.72,0.31,0.08,0.33,319,507.681797608,RETURNED,0.45472000718,0.503040606134,14,29,pop:sample:10
0,4,40,0.577796945907,1,0.91,0.19,0.31,0.41,297,0.726687559568,RETURNED,0.45472000718,0.503040606134,14,29,pop:sample:19
0,4,40,0.517566747358,2,0.63,0.2,0.33,0.1,316,0.580446460497,RETURNED,0.45472000718,0.503040606134,14,29,pop:sample:35
0,4,40,0.527692315717,3,0.78,0.2,0.33,0.25,316,0.580442779799,RETURNED,0.45472000718,0.503040606134,14,29,pop:sample:48
0,4,40,0.438428267377,4,0.65,0.19,0.33,0.14,300,0.486044120182,RETURNED,0.45472000718,0.503040606134,14,29,pop:sample:64
0,4,40,0.445629494752,5,1.06,0.49,0.33,0.25,292,0.473996277605,RETURNED,0.45472000718,0.503040606134,14,29,pop:sample:70
0,4,40,0.377283608239,6,0.96,0.12,0.32,0.52,306,0.394773795406,RETURNED,0.45472000718,0.503040606134,14,29,pop:sample:86
0,4,40,0.398766478307,7,0.95,0.52,0.32,0.11,285,0.400695247269,RETURNED,0.45472000718,0.503040606134,14,29,pop:sample:97
0,4,40,0.369097053716,8,1.13,0.15,0.33,0.65,310,0.379179396449,RETURNED,0.45472000718,0.503040606134,14,29,pop:sample:108
0,4,40,0.339607463398,9,1.25,0.8,0.33,0.11,309,0.347201211356,RETURNED,0.45472000718,0.503040606134,14,29,pop:sample:125
0,4,40,0.353874316174,10,1.68,1.19,0.32,0.17,308,0.353874316174,RETURNED,0.45472000718,0.503040606134,14,29,pop:sample:136
0,4,40,0.312893156535,11,0.99,0.14,0.34,0.51,333,0.326921547698,RETURNED,0.45472000718,0.503040606134,14,29,pop:sample:148
0,4,40,0.291292841175,12,0.64,0.19,0.32,0.13,310,0.292059953329,RETURNED,0.45472000718,0.503040606134,14,29,pop:sample:160
0,4,40,0.307962890136,13,2.1,1.47,0.33,0.3,323,0.312893156535,RETURNED,0.45472000718,0.503040606134,14,29,pop:sample:166
0,4,40,0.267701906257,14,0.68,0.27,0.31,0.09,288,0.2768224675,RETURNED,0.45472000718,0.503040606134,14,29,pop:sample:185
0,4,40,0.260990002051,15,1.01,0.12,0.33,0.56,321,0.267717736857,RETURNED,0.45472000718,0.503040606134,14,29,pop:sample:192
0,4,40,0.24799220677,16,1.07,0.56,0.34,0.17,311,0.253073658695,RETURNED,0.45472000718,0.503040606134,14,29,pop:sample:201
0,4,40,0.235940658312,17,2.17,1.72,0.34,0.11,319,0.243617517578,RETURNED,0.45472000718,0.503040606134,14,29,pop:sample:214
0,4,40,0.210729560543,18,0.74,0.26,0.33,0.15,297,0.227817332311,RETURNED,0.45472000718,0.503040606134,14,29,pop:sample:233
0,4,40,0.225251635017,19,0.56,0.13,0.32,0.12,294,0.230356685872,RETURNED,0.45472000718,0.503040606134,14,29,pop:sample:244
0,4,40,0.214069991326,20,0.71,0.24,0.33,0.14,306,0.216320113313,RETURNED,0.45472000718,0.503040606134,14,29,pop:sample:253
0,4,40,0.197216227097,21,1.0,0.52,0.32,0.15,302,0.20760845446,RETURNED,0.45472000718,0.503040606134,14,29,pop:sample:264
0,4,40,0.207828519696,22,0.82,0.17,0.32,0.33,311,0.209404399408,RETURNED,0.45472000718,0.503040606134,14,29,pop:sample:278
0,4,40,0.196609738192,23,0.93,0.27,0.33,0.33,317,0.205870568857,RETURNED,0.45472000718,0.503040606134,14,29,pop:sample:283
0,4,40,0.195452254009,24,0.68,0.16,0.34,0.18,336,0.198057691727,RETURNED,0.45472000718,0.503040606134,14,29,pop:sample:289
0,4,40,0.196609738192,25,1.85,0.11,0.32,1.41,311,0.196609738192,RETURNED,0.45472000718,0.503040606134,14,29,pop:sample:295
0,4,40,0.181608778488,26,1.58,1.14,0.34,0.1,307,0.182651492331,RETURNED,0.45472000718,0.503040606134,14,29,pop:sample:314
0,4,40,0.181586988854,27,1.98,0.14,0.39,1.44,321,0.181608778488,RETURNED,0.45472000718,0.503040606134,14,29,pop:sample:336
0,4,40,0.184084296933,28,1.41,0.4,0.33,0.67,305,0.183105948213,RETURNED,0.45472000718,0.503040606134,14,29,pop:sample:354
0,4,40,0.169502950467,29,0.6,0.16,0.34,0.1,327,0.169502950467,RETURNED,0.45472000718,0.503040606134,14,29,pop:sample:377
0,4,40,0.160156612309,30,1.18,0.13,0.34,0.71,313,0.164341605749,RETURNED,0.45472000718,0.503040606134,14,29,pop:sample:387
0,4,40,0.163964298171,31,1.86,0.14,0.32,1.4,297,0.164345728505,RETURNED,0.45472000718,0.503040606134,14,29,pop:sample:403
0,4,40,0.157426512581,32,0.69,0.19,0.34,0.16,311,0.159091153332,RETURNED,0.45472000718,0.503040606134,14,29,pop:sample:419
0,4,40,0.157426512581,33,0.72,0.21,0.32,0.19,321,0.157426512581,RETURNED,0.45472000718,0.503040606134,14,29,pop:sample:429
0,4,40,0.153859918237,34,1.92,0.77,0.33,0.81,317,0.155028311719,RETURNED,0.45472000718,0.503040606134,14,29,pop:sample:438
0,4,40,0.151631596582,35,0.62,0.15,0.32,0.15,303,0.151631596582,RETURNED,0.45472000718,0.503040606134,14,29,pop:sample:460
0,4,40,0.143774655619,36,3.12,2.49,0.33,0.3,302,0.143774655619,RETURNED,0.45472000718,0.503040606134,14,29,pop:sample:468
0,4,40,0.144560971952,37,0.56,0.13,0.33,0.1,313,0.144781465986,RETURNED,0.45472000718,0.503040606134,14,29,pop:sample:487
0,4,40,0.142110905351,38,0.72,0.17,0.32,0.24,298,0.144131345712,RETURNED,0.45472000718,0.503040606134,14,29,pop:sample:494
0,4,40,0.138824015262,39,1.49,0.25,0.33,0.91,313,0.141266574015,RETURNED,0.45472000718,0.503040606134,14,29,pop:sample:506
0,4,40,0.135028287541,40,1.33,0.86,0.32,0.15,289,0.135960145502,RETURNED,0.45472000718,0.503040606134,14,29,pop:sample:519
0,4,40,0.129594881584,41,0.96,0.17,0.33,0.47,303,0.130035195537,RETURNED,0.45472000718,0.503040606134,14,29,pop:sample:537
0,4,40,0.123981731223,42,0.6,0.16,0.32,0.11,321,0.124446908255,RETURNED,0.45472000718,0.503040606134,14,29,pop:sample:554
0,4,40,0.123762836211,43,0.64,0.21,0.32,0.12,307,0.127700767492,RETURNED,0.45472000718,0.503040606134,14,29,pop:sample:560
0,4,40,0.125830035943,44,0.72,0.23,0.32,0.17,300,0.127700767492,RETURNED,0.45472000718,0.503040606134,14,29,pop:sample:566
0,4,40,0.131919157496,45,0.67,0.14,0.33,0.2,294,0.13001159448,RETURNED,0.45472000718,0.503040606134,14,29,pop:sample:574
0,4,40,0.11948120647,46,1.13,0.12,0.33,0.68,312,0.121697372143,RETURNED,0.45472000718,0.503040606134,14,29,pop:sample:585
0,4,40,0.11948120647,47,0.89,0.45,0.33,0.12,316,0.11948120647,RETURNED,0.45472000718,0.503040606134,14,29,pop:sample:595
0,4,40,0.119620173213,48,1.39,0.95,0.33,0.11,322,0.119620173213,RETURNED,0.45472000718,0.503040606134,14,29,pop:sample:607
0,4,40,0.116778824057,49,2.14,1.07,0.33,0.74,303,0.116778824057,RETURNED,0.45472000718,0.503040606134,14,29,pop:sample:625
0,5,40,546.226375107,0,0.45,0.13,0.06,0.26,281,695.482120286,RETURNED,0.135392533667,0.727375069939,19,19,pop:sample:7
0,5,40,0.63832893399,1,0.93,0.36,0.17,0.4,278,0.707639383233,RETURNED,0.135392533667,0.727375069939,19,19,pop:sample:15
0,5,40,0.555963107559,2,1.23,0.59,0.26,0.38,281,0.581044657213,RETURNED,0.135392533667,0.727375069939,19,19,pop:sample:33
0,5,40,0.472673100203,3,1.74,1.37,0.23,0.15,279,0.491549950728,RETURNED,0.135392533667,0.727375069939,19,19,pop:sample:56
0,5,40,0.397876766421,4,1.87,1.06,0.26,0.55,285,0.43061819833,RETURNED,0.135392533667,0.727375069939,19,19,pop:sample:77
0,5,40,0.37906839932,5,1.18,0.8,0.25,0.13,269,0.386818992618,RETURNED,0.135392533667,0.727375069939,19,19,pop:sample:104
0,5,40,0.337493461377,6,2.54,0.75,0.25,1.54,276,0.341204918032,RETURNED,0.135392533667,0.727375069939,19,19,pop:sample:112
0,5,40,0.288242071193,7,1.47,0.98,0.27,0.22,300,0.305582697112,RETURNED,0.135392533667,0.727375069939,19,19,pop:sample:140
0,5,40,0.2768224675,8,3.21,2.53,0.25,0.43,287,0.29174785322,RETURNED,0.135392533667,0.727375069939,19,19,pop:sample:152
0,5,40,0.261629392002,9,2.57,2.14,0.26,0.17,272,0.273735780921,RETURNED,0.135392533667,0.727375069939,19,19,pop:sample:182
0,5,40,0.235143237644,10,0.58,0.18,0.27,0.14,282,0.240743709696,RETURNED,0.135392533667,0.727375069939,19,19,pop:sample:211
0,5,40,0.216320113313,11,2.26,1.81,0.26,0.2,286,0.218590773015,RETURNED,0.135392533667,0.727375069939,19,19,pop:sample:215
0,5,40,0.21558517198,12,1.33,0.91,0.26,0.16,289,0.216320113313,RETURNED,0.135392533667,0.727375069939,19,19,pop:sample:237
0,5,40,0.214962116626,13,1.03,0.48,0.26,0.29,291,0.216320113313,RETURNED,0.135392533667,0.727375069939,19,19,pop:sample:255
0,5,40,0.212370098351,14,2.95,2.54,0.26,0.16,275,0.214373485909,RETURNED,0.135392533667,0.727375069939,19,19,pop:sample:271
0,5,40,0.200300297048,15,2.7,2.3,0.26,0.14,285,0.201216824817,RETURNED,0.135392533667,0.727375069939,19,19,pop:sample:294
0,5,40,0.179857884046,16,2.86,0.72,0.28,1.87,285,0.182145827615,RETURNED,0.135392533667,0.727375069939,19,19,pop:sample:323
0,5,40,0.176576967498,17,0.95,0.16,0.27,0.52,281,0.178070406351,RETURNED,0.135392533667,0.727375069939,19,19,pop:sample:355
0,5,40,0.168635454318,18,1.37,0.98,0.26,0.12,297,0.169502950467,RETURNED,0.135392533667,0.727375069939,19,19,pop:sample:375
0,5,40,0.164345728505,19,3.16,2.07,0.26,0.83,273,0.164345728505,RETURNED,0.135392533667,0.727375069939,19,19,pop:sample:393
0,5,40,0.155481463342,20,2.13,1.0,0.26,0.87,295,0.159091153332,RETURNED,0.135392533667,0.727375069939,19,19,pop:sample:427
0,5,40,0.147906323231,21,1.87,0.25,0.27,1.36,300,0.152268731818,RETURNED,0.135392533667,0.727375069939,19,19,pop:sample:455
0,5,40,0.148996331253,22,3.24,2.81,0.27,0.17,285,0.151524997581,RETURNED,0.135392533667,0.727375069939,19,19,pop:sample:471
0,5,40,0.136759920324,23,2.4,1.13,0.26,1.01,272,0.144459421017,RETURNED,0.135392533667,0.727375069939,19,19,pop:sample:496
0,5,40,0.134974808705,24,0.6,0.2,0.26,0.14,289,0.134974808705,RETURNED,0.135392533667,0.727375069939,19,19,pop:sample:522
0,5,40,0.130840704009,25,0.74,0.23,0.26,0.24,282,0.130840704009,RETURNED,0.135392533667,0.727375069939,19,19,pop:sample:529
0,5,40,0.129708472469,26,1.31,0.24,0.26,0.8,295,0.13001159448,RETURNED,0.135392533667,0.727375069939,19,19,pop:sample:543
0,5,40,0.128710159982,27,1.83,1.42,0.28,0.13,298,0.128710159982,RETURNED,0.135392533667,0.727375069939,19,19,pop:sample:561
0,5,40,0.120910513381,28,1.93,1.52,0.25,0.15,271,0.123997525231,RETURNED,0.135392533667,0.727375069939,19,19,pop:sample:580
0,5,40,0.118219708089,29,0.63,0.16,0.26,0.2,292,0.119670971738,RETURNED,0.135392533667,0.727375069939,19,19,pop:sample:602
0,5,40,0.119900670227,30,2.89,1.18,0.27,1.45,273,0.12252831381,RETURNED,0.135392533667,0.727375069939,19,19,pop:sample:609
0,5,40,0.114988659832,31,1.24,0.86,0.25,0.13,286,0.114988659832,RETURNED,0.135392533667,0.727375069939,19,19,pop:sample:639
0,5,40,0.112028803327,32,0.72,0.26,0.27,0.19,309,0.113647790664,RETURNED,0.135392533667,0.727375069939,19,19,pop:sample:649
0,5,40,0.112653278094,33,1.46,1.09,0.25,0.11,263,0.112653278094,RETURNED,0.135392533667,0.727375069939,19,19,pop:sample:659
0,5,40,0.107538865163,34,0.62,0.16,0.25,0.21,276,0.108160857342,RETURNED,0.135392533667,0.727375069939,19,19,pop:sample:674
0,5,40,0.107538865163,35,1.0,0.23,0.28,0.49,266,0.107538865163,RETURNED,0.135392533667,0.727375069939,19,19,pop:sample:681
0,5,40,0.105021087782,36,0.79,0.33,0.26,0.2,279,0.10574461268,RETURNED,0.135392533667,0.727375069939,19,19,pop:sample:696
0,5,40,0.103548785014,37,0.89,0.18,0.26,0.44,272,0.105481891554,RETURNED,0.135392533667,0.727375069939,19,19,pop:sample:700
0,5,40,0.103179292143,38,1.49,1.11,0.25,0.13,273,0.103233725876,RETURNED,0.135392533667,0.727375069939,19,19,pop:sample:709
0,5,40,0.102217008484,39,0.64,0.16,0.26,0.22,281,0.103183326359,RETURNED,0.135392533667,0.727375069939,19,19,pop:sample:721
0,5,40,0.100753431745,40,0.65,0.2,0.27,0.19,285,0.100753431745,RETURNED,0.135392533667,0.727375069939,19,19,pop:sample:727
0,5,40,0.100297753228,41,1.2,0.72,0.26,0.21,282,0.100515540955,RETURNED,0.135392533667,0.727375069939,19,19,pop:sample:736
0,5,40,0.100299700392,42,0.96,0.19,0.28,0.49,298,0.100299700392,RETURNED,0.135392533667,0.727375069939,19,19,pop:sample:745
0,5,40,0.0980359650689,43,0.57,0.18,0.26,0.14,283,0.0980359650689,RETURNED,0.135392533667,0.727375069939,19,19,pop:sample:752
0,5,40,0.100004351402,44,0.75,0.16,0.27,0.32,302,0.100004351402,RETURNED,0.135392533667,0.727375069939,19,19,pop:sample:758
0,5,40,0.0933465097941,45,0.57,0.18,0.26,0.13,282,0.0933505404327,RETURNED,0.135392533667,0.727375069939,19,19,pop:sample:762
0,5,40,0.0933465097941,46,0.8,0.34,0.25,0.22,277,0.0933465097941,RETURNED,0.135392533667,0.727375069939,19,19,pop:sample:768
0,5,40,0.0927456649379,47,0.88,0.19,0.26,0.42,277,0.0933465097941,RETURNED,0.135392533667,0.727375069939,19,19,pop:sample:774
0,5,40,0.0932075278286,48,0.63,0.23,0.26,0.13,278,0.0932075278286,RETURNED,0.135392533667,0.727375069939,19,19,pop:sample:779
0,5,40,0.0906376906424,49,0.76,0.18,0.26,0.31,282,0.0906376906424,RETURNED,0.135392533667,0.727375069939,19,19,pop:sample:782
0,6,40,558.332187447,0,0.88,0.26,0.04,0.58,144,640.520739854,RETURNED,0.329745653752,0.442888888141,23,9,pop:sample:6
0,6,40,0.664571516062,1,1.16,0.18,0.14,0.84,157,0.736045838706,RETURNED,0.329745653752,0.442888888141,23,9,pop:sample:24
0,6,40,0.564888224626,2,0.92,0.3,0.15,0.47,143,0.586380827206,RETURNED,0.329745653752,0.442888888141,23,9,pop:sample:44
0,6,40,0.472005170968,3,1.42,0.5,0.16,0.77,154,0.475267621117,RETURNED,0.329745653752,0.442888888141,23,9,pop:sample:61
0,6,40,0.424739959466,4,0.76,0.32,0.16,0.28,156,0.426531654364,RETURNED,0.329745653752,0.442888888141,23,9,pop:sample:80
0,6,40,0.403495163475,5,2.21,1.12,0.16,0.93,160,0.41816172507,RETURNED,0.329745653752,0.442888888141,23,9,pop:sample:88
0,6,40,0.352338554468,6,0.86,0.19,0.17,0.5,161,0.3702716191,RETURNED,0.329745653752,0.442888888141,23,9,pop:sample:113
0,6,40,0.341778191331,7,0.83,0.19,0.15,0.49,146,0.341778191331,RETURNED,0.329745653752,0.442888888141,23,9,pop:sample:127
0,6,40,0.327033936079,8,2.12,1.71,0.16,0.25,148,0.327832704983,RETURNED,0.329745653752,0.442888888141,23,9,pop:sample:133
0,6,40,0.311886748555,9,3.44,2.73,0.16,0.55,155,0.324920966004,RETURNED,0.329745653752,0.442888888141,23,9,pop:sample:150
0,6,40,0.250346510121,10,2.07,0.17,0.16,1.74,145,0.25195673163,RETURNED,0.329745653752,0.442888888141,23,9,pop:sample:181
0,6,40,0.250776319537,11,3.19,2.52,0.17,0.5,158,0.25195673163,RETURNED,0.329745653752,0.442888888141,23,9,pop:sample:204
0,6,40,0.227817332311,12,0.75,0.3,0.17,0.29,167,0.227817332311,RETURNED,0.329745653752,0.442888888141,23,9,pop:sample:235
0,6,40,0.210433809022,13,1.88,1.35,0.16,0.37,150,0.215171461979,RETURNED,0.329745653752,0.442888888141,23,9,pop:sample:247
0,6,40,0.20121692491,14,3.15,2.66,0.16,0.33,141,0.207089323963,RETURNED,0.329745653752,0.442888888141,23,9,pop:sample:274
0,6,40,0.193550488881,15,0.53,0.2,0.16,0.17,156,0.194528343173,RETURNED,0.329745653752,0.442888888141,23,9,pop:sample:299
0,6,40,0.182145827615,16,1.68,0.29,0.16,1.23,134,0.183105948213,RETURNED,0.329745653752,0.442888888141,23,9,pop:sample:305
0,6,40,0.182138333351,17,1.34,0.99,0.17,0.19,150,0.182145827615,RETURNED,0.329745653752,0.442888888141,23,9,pop:sample:321
0,6,40,0.172714846916,18,2.23,1.81,0.17,0.26,165,0.178070406351,RETURNED,0.329745653752,0.442888888141,23,9,pop:sample:342
0,6,40,0.164341605749,19,1.16,0.65,0.16,0.35,135,0.169502950467,RETURNED,0.329745653752,0.442888888141,23,9,pop:sample:370
0,6,40,0.164381933296,20,1.06,0.39,0.16,0.51,147,0.169502950467,RETURNED,0.329745653752,0.442888888141,23,9,pop:sample:386
0,6,40,0.163830264791,21,2.59,2.21,0.16,0.22,133,0.164341605749,RETURNED,0.329745653752,0.442888888141,23,9,pop:sample:400
0,6,40,0.157457847499,22,1.47,0.31,0.17,0.99,152,0.157491873937,RETURNED,0.329745653752,0.442888888141,23,9,pop:sample:426
0,6,40,0.154760015556,23,0.55,0.22,0.16,0.17,167,0.154760015556,RETURNED,0.329745653752,0.442888888141,23,9,pop:sample:444
0,6,40,0.151524997581,24,0.75,0.28,0.17,0.3,151,0.154454350362,RETURNED,0.329745653752,0.442888888141,23,9,pop:sample:454
0,6,40,0.149872670091,25,3.93,3.2,0.16,0.56,167,0.151092546987,RETURNED,0.329745653752,0.442888888141,23,9,pop:sample:462
0,6,40,0.144846607893,26,1.41,0.96,0.16,0.29,156,0.144846607893,RETURNED,0.329745653752,0.442888888141,23,9,pop:sample:491
0,6,40,0.135960145502,27,0.73,0.21,0.17,0.35,157,0.135960145502,RETURNED,0.329745653752,0.442888888141,23,9,pop:sample:510
0,6,40,0.134323942304,28,1.78,1.34,0.17,0.27,152,0.134974808705,RETURNED,0.329745653752,0.442888888141,23,9,pop:sample:513
0,6,40,0.127037517728,29,0.9,0.34,0.17,0.39,165,0.134323942304,RETURNED,0.329745653752,0.442888888141,23,9,pop:sample:538
0,6,40,0.129833537668,30,2.13,0.41,0.16,1.56,153,0.129833537668,RETURNED,0.329745653752,0.442888888141,23,9,pop:sample:551
0,6,40,0.127305164559,31,0.58,0.2,0.17,0.21,157,0.127966656492,RETURNED,0.329745653752,0.442888888141,23,9,pop:sample:572
0,6,40,0.124991702872,32,2.12,1.72,0.17,0.24,137,0.125830035943,RETURNED,0.329745653752,0.442888888141,23,9,pop:sample:586
0,6,40,0.11948120647,33,2.97,1.49,0.15,1.33,136,0.11948120647,RETURNED,0.329745653752,0.442888888141,23,9,pop:sample:608
0,6,40,0.113914152362,34,1.65,0.41,0.17,1.07,154,0.114988659832,RETURNED,0.329745653752,0.442888888141,23,9,pop:sample:638
0,6,40,0.112412971477,35,0.66,0.25,0.16,0.25,146,0.113268595752,RETURNED,0.329745653752,0.442888888141,23,9,pop:sample:651
0,6,40,0.108199213686,36,0.63,0.24,0.16,0.22,154,0.111441594387,RETURNED,0.329745653752,0.442888888141,23,9,pop:sample:660
0,6,40,0.109555819445,37,0.55,0.22,0.16,0.17,152,0.112412971477,RETURNED,0.329745653752,0.442888888141,23,9,pop:sample:667
0,6,40,0.10971882689,38,0.93,0.18,0.15,0.6,134,0.10971882689,RETURNED,0.329745653752,0.442888888141,23,9,pop:sample:672
0,6,40,0.110423815869,39,0.95,0.21,0.2,0.54,152,0.110423815869,RETURNED,0.329745653752,0.442888888141,23,9,pop:sample:683
0,6,40,0.10389543836,40,1.14,0.29,0.16,0.68,153,0.104225398564,RETURNED,0.329745653752,0.442888888141,23,9,pop:sample:695
0,6,40,0.102676150299,41,0.61,0.27,0.17,0.17,150,0.10389543836,RETURNED,0.329745653752,0.442888888141,23,9,pop:sample:704
0,6,40,0.102483432785,42,0.51,0.19,0.16,0.15,143,0.10325045612,RETURNED,0.329745653752,0.442888888141,23,9,pop:sample:710
0,6,40,0.101668911997,43,1.34,0.99,0.17,0.18,145,0.10389543836,RETURNED,0.329745653752,0.442888888141,23,9,pop:sample:714
0,6,40,0.102190627363,44,0.61,0.22,0.17,0.23,162,0.102190627363,RETURNED,0.329745653752,0.442888888141,23,9,pop:sample:726
0,6,40,0.100299700392,45,0.54,0.22,0.16,0.16,152,0.100299700392,RETURNED,0.329745653752,0.442888888141,23,9,pop:sample:733
0,6,40,0.100299700392,46,0.81,0.5,0.16,0.15,159,0.100299700392,RETURNED,0.329745653752,0.442888888141,23,9,pop:sample:738
0,6,40,0.0981316143078,47,0.98,0.29,0.16,0.53,141,0.100299700392,RETURNED,0.329745653752,0.442888888141,23,9,pop:sample:746
0,6,40,0.100078292268,48,1.13,0.53,0.16,0.44,141,0.100297753228,RETURNED,0.329745653752,0.442888888141,23,9,pop:sample:753
0,6,40,0.100004351402,49,0.52,0.19,0.16,0.17,151,0.100004351402,RETURNED,0.329745653752,0.442888888141,23,9,pop:sample:761
0,7,40,606.750907208,0,0.94,0.32,0.05,0.57,96,671.095270986,RETURNED,0.168434692297,0.076233500863,23,14,pop:sample:12
0,7,40,0.581199441704,1,0.85,0.47,0.16,0.22,94,0.625616921656,RETURNED,0.168434692297,0.076233500863,23,14,pop:sample:26
0,7,40,0.564567974467,2,1.21,0.48,0.21,0.53,90,0.573746490311,RETURNED,0.168434692297,0.076233500863,23,14,pop:sample:42
0,7,40,0.465439910653,3,1.74,1.17,0.21,0.36,101,0.475676738805,RETURNED,0.168434692297,0.076233500863,23,14,pop:sample:62
0,7,40,0.426544355888,4,1.26,0.27,0.2,0.78,98,0.432406053581,RETURNED,0.168434692297,0.076233500863,23,14,pop:sample:85
0,7,40,0.368290676439,5,1.48,1.13,0.19,0.15,101,0.368290676439,RETURNED,0.168434692297,0.076233500863,23,14,pop:sample:100
0,7,40,0.348697245177,6,1.59,0.19,0.21,1.19,91,0.35374532974,RETURNED,0.168434692297,0.076233500863,23,14,pop:sample:115
0,7,40,0.325069236612,7,2.62,1.73,0.2,0.69,103,0.326921547698,RETURNED,0.168434692297,0.076233500863,23,14,pop:sample:134
0,7,40,0.288242071193,8,0.77,0.29,0.2,0.28,97,0.288242071193,RETURNED,0.168434692297,0.076233500863,23,14,pop:sample:158
0,7,40,0.273735780921,9,1.06,0.43,0.2,0.42,104,0.273735780921,RETURNED,0.168434692297,0.076233500863,23,14,pop:sample:165
0,7,40,0.273548807532,10,1.5,1.1,0.21,0.19,98,0.273548807532,RETURNED,0.168434692297,0.076233500863,23,14,pop:sample:169
0,7,40,0.25195673163,11,4.37,1.95,0.21,2.21,104,0.25195673163,RETURNED,0.168434692297,0.076233500863,23,14,pop:sample:188
0,7,40,0.232459113556,12,0.57,0.2,0.2,0.17,92,0.232459113556,RETURNED,0.168434692297,0.076233500863,23,14,pop:sample:225
0,7,40,0.215083623876,13,1.6,1.06,0.2,0.34,82,0.215083623876,RETURNED,0.168434692297,0.076233500863,23,14,pop:sample:236
0,7,40,0.209952062971,14,2.72,1.01,0.21,1.5,91,0.209952062971,RETURNED,0.168434692297,0.076233500863,23,14,pop:sample:256
0,7,40,0.206962502775,15,3.23,0.47,0.21,2.55,92,0.206962502775,RETURNED,0.168434692297,0.076233500863,23,14,pop:sample:286
0,7,40,0.186997968883,16,1.26,0.31,0.2,0.75,96,0.18706601592,RETURNED,0.168434692297,0.076233500863,23,14,pop:sample:317
0,7,40,0.17704014082,17,2.57,2.15,0.2,0.22,97,0.17704014082,RETURNED,0.168434692297,0.076233500863,23,14,pop:sample:335
0,7,40,0.172816239681,18,1.62,0.27,0.2,1.15,97,0.172816239681,RETURNED,0.168434692297,0.076233500863,23,14,pop:sample:362
0,7,40,0.164341605749,19,2.02,0.25,0.2,1.56,83,0.164341605749,RETURNED,0.168434692297,0.076233500863,23,14,pop:sample:388
0,7,40,0.163394291062,20,1.55,0.21,0.22,1.12,103,0.163394291062,RETURNED,0.168434692297,0.076233500863,23,14,pop:sample:412
0,7,40,0.156458332139,21,1.8,1.4,0.2,0.2,83,0.157178099607,RETURNED,0.168434692297,0.076233500863,23,14,pop:sample:428
0,7,40,0.144846607893,22,2.41,0.27,0.2,1.94,96,0.153102548259,RETURNED,0.168434692297,0.076233500863,23,14,pop:sample:450
0,7,40,0.145266649537,23,3.0,2.62,0.21,0.18,85,0.145266649537,RETURNED,0.168434692297,0.076233500863,23,14,pop:sample:472
0,7,40,0.144846607893,24,2.92,1.9,0.21,0.81,84,0.144846607893,RETURNED,0.168434692297,0.076233500863,23,14,pop:sample:498
0,7,40,0.135960145502,25,1.12,0.33,0.21,0.58,90,0.135960145502,RETURNED,0.168434692297,0.076233500863,23,14,pop:sample:528
0,7,40,0.128537654935,26,2.81,2.29,0.21,0.32,100,0.129376546072,RETURNED,0.168434692297,0.076233500863,23,14,pop:sample:548
0,7,40,0.126639643514,27,3.59,1.75,0.21,1.63,90,0.126639643514,RETURNED,0.168434692297,0.076233500863,23,14,pop:sample:579
0,7,40,0.116805758767,28,0.63,0.25,0.21,0.18,99,0.116805758767,RETURNED,0.168434692297,0.076233500863,23,14,pop:sample:621
0,7,40,0.114988659832,29,0.72,0.33,0.21,0.17,88,0.114988659832,RETURNED,0.168434692297,0.076233500863,23,14,pop:sample:628
0,7,40,0.114988659832,30,2.09,1.71,0.21,0.17,92,0.114988659832,RETURNED,0.168434692297,0.076233500863,23,14,pop:sample:636
0,7,40,0.11357570397,31,0.77,0.3,0.21,0.26,97,0.11433831448,RETURNED,0.168434692297,0.076233500863,23,14,pop:sample:656
0,7,40,0.112028803327,32,0.69,0.29,0.21,0.19,96,0.112028803327,RETURNED,0.168434692297,0.076233500863,23,14,pop:sample:666
0,7,40,0.108199213686,33,1.5,1.07,0.23,0.21,107,0.108199213686,RETURNED,0.168434692297,0.076233500863,23,14,pop:sample:669
0,7,40,0.108199213686,34,1.77,0.86,0.21,0.69,93,0.108199213686,RETURNED,0.168434692297,0.076233500863,23,14,pop:sample:687
0,7,40,0.10389543836,35,0.77,0.3,0.21,0.26,98,0.10389543836,RETURNED,0.168434692297,0.076233500863,23,14,pop:sample:705
0,7,40,0.10389543836,36,0.62,0.25,0.21,0.16,100,0.10389543836,RETURNED,0.168434692297,0.076233500863,23,14,pop:sample:712
0,7,40,0.103479934271,37,1.59,0.98,0.22,0.39,111,0.103479934271,RETURNED,0.168434692297,0.076233500863,23,14,pop:sample:717
0,7,40,0.100299700392,38,0.68,0.31,0.21,0.16,95,0.100299700392,RETURNED,0.168434692297,0.076233500863,23,14,pop:sample:731
0,7,40,0.100299700392,39,0.68,0.22,0.2,0.26,85,0.100299700392,RETURNED,0.168434692297,0.076233500863,23,14,pop:sample:737
0,7,40,0.100297753228,40,0.76,0.32,0.2,0.23,103,0.100297753228,RETURNED,0.168434692297,0.076233500863,23,14,pop:sample:744
0,7,40,0.100297753228,41,0.99,0.44,0.21,0.34,91,0.100297753228,RETURNED,0.168434692297,0.076233500863,23,14,pop:sample:751
0,7,40,0.0933505404327,42,1.1,0.6,0.21,0.28,99,0.0933505404327,RETURNED,0.168434692297,0.076233500863,23,14,pop:sample:759
0,7,40,0.0919388675145,43,0.82,0.42,0.21,0.19,105,0.0919388675145,RETURNED,0.168434692297,0.076233500863,23,14,pop:sample:767
0,7,40,0.0906376906424,44,0.72,0.19,0.21,0.31,87,0.0906376906424,RETURNED,0.168434692297,0.076233500863,23,14,pop:sample:773
0,7,40,0.0906376906424,45,0.55,0.18,0.21,0.16,108,0.0906376906424,RETURNED,0.168434692297,0.076233500863,23,14,pop:sample:776
0,7,40,0.090302876017,46,0.58,0.21,0.2,0.16,100,0.0906376906424,RETURNED,0.168434692297,0.076233500863,23,14,pop:sample:780
0,7,40,0.090302876017,47,0.62,0.24,0.21,0.17,88,0.090302876017,RETURNED,0.168434692297,0.076233500863,23,14,pop:sample:784
0,7,40,0.0888910454142,48,0.92,0.53,0.21,0.18,90,0.0888910454142,RETURNED,0.168434692297,0.076233500863,23,14,pop:sample:788
0,7,40,0.0888910454142,49,0.54,0.2,0.2,0.14,91,0.0888910454142,RETURNED,0.168434692297,0.076233500863,23,14,pop:sample:791
0,8,40,660.545344776,0,0.42,0.14,0.06,0.22,243,663.01929534,RETURNED,0.612232110245,0.221414771674,15,22,pop:sample:9
0,8,40,0.674738011299,1,0.95,0.54,0.27,0.14,239,0.870306848129,RETURNED,0.612232110245,0.221414771674,15,22,pop:sample:16
0,8,40,0.533106770051,2,0.94,0.51,0.28,0.14,242,0.577796945907,RETURNED,0.612232110245,0.221414771674,15,22,pop:sample:32
0,8,40,0.510030767291,3,1.65,0.21,0.27,1.17,245,0.553319238059,RETURNED,0.612232110245,0.221414771674,15,22,pop:sample:49
0,8,40,0.452337928423,4,0.72,0.12,0.27,0.33,245,0.465683015633,RETURNED,0.612232110245,0.221414771674,15,22,pop:sample:71
0,8,40,0.44232395553,5,1.75,0.97,0.27,0.51,227,0.465439910653,RETURNED,0.612232110245,0.221414771674,15,22,pop:sample:84
0,8,40,0.395839881906,6,1.21,0.17,0.29,0.75,250,0.404707019755,RETURNED,0.612232110245,0.221414771674,15,22,pop:sample:106
0,8,40,0.355598920052,7,0.78,0.15,0.29,0.33,247,0.343469131315,RETURNED,0.612232110245,0.221414771674,15,22,pop:sample:118
0,8,40,0.349727920651,8,0.74,0.22,0.28,0.24,241,0.349607058553,RETURNED,0.612232110245,0.221414771674,15,22,pop:sample:129
0,8,40,0.337959781068,9,1.24,0.14,0.27,0.83,242,0.341778191331,RETURNED,0.612232110245,0.221414771674,15,22,pop:sample:135
0,8,40,0.324602975859,10,0.96,0.55,0.29,0.13,254,0.323222787396,RETURNED,0.612232110245,0.221414771674,15,22,pop:sample:144
0,8,40,0.330146245797,11,3.16,2.56,0.28,0.32,245,0.330146245797,RETURNED,0.612232110245,0.221414771674,15,22,pop:sample:153
0,8,40,0.277305983814,12,1.86,0.43,0.28,1.16,222,0.278017783116,RETURNED,0.612232110245,0.221414771674,15,22,pop:sample:179
0,8,40,0.257922190756,13,2.62,1.16,0.29,1.18,242,0.243336899177,RETURNED,0.612232110245,0.221414771674,15,22,pop:sample:199
0,8,40,0.240317841404,14,1.31,0.74,0.29,0.29,258,0.232459113556,RETURNED,0.612232110245,0.221414771674,15,22,pop:sample:222
0,8,40,0.214373485909,15,0.7,0.2,0.28,0.21,233,0.227907000313,RETURNED,0.612232110245,0.221414771674,15,22,pop:sample:240
0,8,40,0.214373485909,16,0.63,0.17,0.28,0.19,229,0.214373485909,RETURNED,0.612232110245,0.221414771674,15,22,pop:sample:250
0,8,40,0.229423820872,17,0.61,0.18,0.3,0.13,251,0.227817332311,RETURNED,0.612232110245,0.221414771674,15,22,pop:sample:260
0,8,40,0.223457144748,18,1.94,0.16,0.29,1.49,255,0.220620583599,RETURNED,0.612232110245,0.221414771674,15,22,pop:sample:268
0,8,40,0.197216227097,19,2.43,0.37,0.29,1.77,254,0.197216227097,RETURNED,0.612232110245,0.221414771674,15,22,pop:sample:287
0,8,40,0.203574808361,20,1.58,1.19,0.28,0.11,239,0.195452254009,RETURNED,0.612232110245,0.221414771674,15,22,pop:sample:308
0,8,40,0.183105948213,21,0.57,0.15,0.29,0.13,240,0.183105948213,RETURNED,0.612232110245,0.221414771674,15,22,pop:sample:325
0,8,40,0.190123518217,22,0.64,0.23,0.29,0.13,249,0.190123518217,RETURNED,0.612232110245,0.221414771674,15,22,pop:sample:337
0,8,40,0.198802721514,23,0.57,0.13,0.28,0.16,251,0.186997968883,RETURNED,0.612232110245,0.221414771674,15,22,pop:sample:343
0,8,40,0.20953542973,24,1.36,0.99,0.28,0.09,240,0.210870555337,RETURNED,0.612232110245,0.221414771674,15,22,pop:sample:349
0,8,40,0.172816239681,25,1.13,0.67,0.29,0.17,241,0.172816239681,RETURNED,0.612232110245,0.221414771674,15,22,pop:sample:366
0,8,40,0.170073486917,26,0.72,0.21,0.29,0.22,248,0.172264908832,RETURNED,0.612232110245,0.221414771674,15,22,pop:sample:383
0,8,40,0.199455490338,27,2.37,0.16,0.29,1.91,250,0.166784675696,RETURNED,0.612232110245,0.221414771674,15,22,pop:sample:394
0,8,40,0.161985413152,28,1.44,0.55,0.29,0.59,245,0.157283734554,RETURNED,0.612232110245,0.221414771674,15,22,pop:sample:417
0,8,40,0.15544734454,29,0.63,0.18,0.29,0.16,256,0.154476693415,RETURNED,0.612232110245,0.221414771674,15,22,pop:sample:435
0,8,40,0.15544734454,30,1.88,1.45,0.29,0.15,249,0.15544734454,RETURNED,0.612232110245,0.221414771674,15,22,pop:sample:447
0,8,40,0.170552223745,31,2.23,0.15,0.28,1.8,245,0.151092546987,RETURNED,0.612232110245,0.221414771674,15,22,pop:sample:467
0,8,40,0.140024869006,32,1.78,1.37,0.28,0.13,242,0.14380062452,RETURNED,0.612232110245,0.221414771674,15,22,pop:sample:480
0,8,40,0.167305132293,33,1.74,0.24,0.27,1.23,234,0.144846607893,RETURNED,0.612232110245,0.221414771674,15,22,pop:sample:499
0,8,40,0.135604271625,34,1.58,1.06,0.28,0.24,256,0.135960145502,RETURNED,0.612232110245,0.221414771674,15,22,pop:sample:517
0,8,40,0.133848393255,35,1.17,0.72,0.28,0.17,238,0.135028287541,RETURNED,0.612232110245,0.221414771674,15,22,pop:sample:540
0,8,40,0.13001159448,36,1.47,0.24,0.28,0.96,250,0.13001159448,RETURNED,0.612232110245,0.221414771674,15,22,pop:sample:555
0,8,40,0.123997525231,37,1.24,0.84,0.29,0.11,257,0.123997525231,RETURNED,0.612232110245,0.221414771674,15,22,pop:sample:569
0,8,40,0.124513133945,38,0.56,0.16,0.28,0.13,237,0.127406515861,RETURNED,0.612232110245,0.221414771674,15,22,pop:sample:589
0,8,40,0.121627425745,39,1.9,0.56,0.28,1.06,242,0.121697372143,RETURNED,0.612232110245,0.221414771674,15,22,pop:sample:592
0,8,40,0.118219708089,40,0.57,0.15,0.28,0.14,235,0.118219708089,RETURNED,0.612232110245,0.221414771674,15,22,pop:sample:613
0,8,40,0.116805758767,41,0.6,0.19,0.29,0.13,241,0.116805758767,RETURNED,0.612232110245,0.221414771674,15,22,pop:sample:622
0,8,40,0.116805758767,42,0.61,0.2,0.29,0.11,250,0.116805758767,RETURNED,0.612232110245,0.221414771674,15,22,pop:sample:629
0,8,40,0.114988659832,43,0.8,0.2,0.28,0.32,248,0.114988659832,RETURNED,0.612232110245,0.221414771674,15,22,pop:sample:635
0,8,40,0.118132101052,44,1.22,0.81,0.3,0.11,251,0.114846870127,RETURNED,0.612232110245,0.221414771674,15,22,pop:sample:642
0,8,40,0.114988659832,45,0.74,0.28,0.29,0.17,238,0.114988659832,RETURNED,0.612232110245,0.221414771674,15,22,pop:sample:655
0,8,40,0.113209774075,46,1.42,1.02,0.28,0.12,243,0.11357570397,RETURNED,0.612232110245,0.221414771674,15,22,pop:sample:665
0,8,40,0.128223105083,47,0.58,0.15,0.28,0.15,243,0.109555637647,RETURNED,0.612232110245,0.221414771674,15,22,pop:sample:677
0,8,40,0.111041493675,48,0.59,0.15,0.32,0.12,245,0.107538865163,RETURNED,0.612232110245,0.221414771674,15,22,pop:sample:685
0,8,40,0.108205275574,49,0.9,0.53,0.27,0.1,224,0.108205275574,RETURNED,0.612232110245,0.221414771674,15,22,pop:sample:689
0,9,40,533.601674137,0,0.77,0.43,0.06,0.28,96,534.454657061,RETURNED,0.108256254107,0.0792459052049,21,20,pop:sample:14
0,9,40,0.616617978377,1,0.54,0.27,0.13,0.14,106,0.616617978377,RETURNED,0.108256254107,0.0792459052049,21,20,pop:sample:23
0,9,40,0.586380827206,2,0.91,0.29,0.21,0.42,90,0.616617978377,RETURNED,0.108256254107,0.0792459052049,21,20,pop:sample:31
0,9,40,0.5156557149,3,1.88,0.26,0.25,1.37,114,0.543344754579,RETURNED,0.108256254107,0.0792459052049,21,20,pop:sample:47
0,9,40,0.411743585933,4,1.48,0.31,0.26,0.92,102,0.431010361486,RETURNED,0.108256254107,0.0792459052049,21,20,pop:sample:76
0,9,40,0.395392172657,5,2.0,0.88,0.25,0.87,94,0.395392172657,RETURNED,0.108256254107,0.0792459052049,21,20,pop:sample:95
0,9,40,0.36653577519,6,2.87,0.87,0.24,1.76,93,0.368478346439,RETURNED,0.108256254107,0.0792459052049,21,20,pop:sample:117
0,9,40,0.331029620223,7,1.65,0.23,0.25,1.16,97,0.331029620223,RETURNED,0.108256254107,0.0792459052049,21,20,pop:sample:143
0,9,40,0.303181412763,8,0.72,0.28,0.25,0.19,105,0.303181412763,RETURNED,0.108256254107,0.0792459052049,21,20,pop:sample:161
0,9,40,0.291292841175,9,2.31,1.7,0.26,0.35,99,0.291292841175,RETURNED,0.108256254107,0.0792459052049,21,20,pop:sample:167
0,9,40,0.25195673163,10,0.59,0.19,0.25,0.14,98,0.25195673163,RETURNED,0.108256254107,0.0792459052049,21,20,pop:sample:190
0,9,40,0.244401256422,11,1.94,0.29,0.25,1.4,108,0.244401256422,RETURNED,0.108256254107,0.0792459052049,21,20,pop:sample:194
0,9,40,0.232459113556,12,0.65,0.21,0.25,0.19,94,0.234082628138,RETURNED,0.108256254107,0.0792459052049,21,20,pop:sample:216
0,9,40,0.244401256422,13,1.19,0.32,0.26,0.61,92,0.244401256422,RETURNED,0.108256254107,0.0792459052049,21,20,pop:sample:219
0,9,40,0.227817332311,14,2.38,1.16,0.25,0.96,88,0.227817332311,RETURNED,0.108256254107,0.0792459052049,21,20,pop:sample:229
0,9,40,0.20307895183,15,0.98,0.47,0.25,0.26,101,0.209404399408,RETURNED,0.108256254107,0.0792459052049,21,20,pop:sample:267
0,9,40,0.197216227097,16,4.0,3.58,0.26,0.16,116,0.197216227097,RETURNED,0.108256254107,0.0792459052049,21,20,pop:sample:281
0,9,40,0.190123518217,17,1.75,1.24,0.25,0.26,84,0.193550488881,RETURNED,0.108256254107,0.0792459052049,21,20,pop:sample:312
0,9,40,0.181173360551,18,2.54,2.1,0.26,0.18,95,0.181173360551,RETURNED,0.108256254107,0.0792459052049,21,20,pop:sample:339
0,9,40,0.169502950467,19,0.84,0.4,0.26,0.18,107,0.169502950467,RETURNED,0.108256254107,0.0792459052049,21,20,pop:sample:365
0,9,40,0.169502950467,20,1.67,1.1,0.26,0.31,113,0.169502950467,RETURNED,0.108256254107,0.0792459052049,21,20,pop:sample:378
0,9,40,0.168399388352,21,3.54,2.26,0.26,1.02,100,0.168399388352,RETURNED,0.108256254107,0.0792459052049,21,20,pop:sample:402
0,9,40,0.15607467062,22,0.69,0.25,0.26,0.18,95,0.157171303085,RETURNED,0.108256254107,0.0792459052049,21,20,pop:sample:441
0,9,40,0.154760015556,23,2.02,0.24,0.25,1.52,108,0.154760015556,RETURNED,0.108256254107,0.0792459052049,21,20,pop:sample:452
0,9,40,0.144846607893,24,0.64,0.2,0.25,0.2,100,0.144846607893,RETURNED,0.108256254107,0.0792459052049,21,20,pop:sample:470
0,9,40,0.144846607893,25,0.71,0.28,0.24,0.19,98,0.144846607893,RETURNED,0.108256254107,0.0792459052049,21,20,pop:sample:474
0,9,40,0.144846607893,26,0.6,0.17,0.25,0.18,97,0.144846607893,RETURNED,0.108256254107,0.0792459052049,21,20,pop:sample:479
0,9,40,0.144846607893,27,3.31,1.41,0.25,1.66,96,0.144846607893,RETURNED,0.108256254107,0.0792459052049,21,20,pop:sample:484
0,9,40,0.135960145502,28,1.21,0.25,0.26,0.7,83,0.135960145502,RETURNED,0.108256254107,0.0792459052049,21,20,pop:sample:516
0,9,40,0.131013787384,29,1.09,0.3,0.26,0.53,82,0.131013787384,RETURNED,0.108256254107,0.0792459052049,21,20,pop:sample:530
0,9,40,0.128710159982,30,2.72,1.86,0.25,0.61,89,0.128710159982,RETURNED,0.108256254107,0.0792459052049,21,20,pop:sample:550
0,9,40,0.123997525231,31,1.9,0.22,0.25,1.43,80,0.123997525231,RETURNED,0.108256254107,0.0792459052049,21,20,pop:sample:577
0,9,40,0.116805758767,32,0.89,0.38,0.25,0.26,92,0.119480012292,RETURNED,0.108256254107,0.0792459052049,21,20,pop:sample:601
0,9,40,0.116805758767,33,0.7,0.26,0.25,0.19,94,0.116805758767,RETURNED,0.108256254107,0.0792459052049,21,20,pop:sample:610
0,9,40,0.118219708089,34,0.63,0.24,0.26,0.13,89,0.118219708089,RETURNED,0.108256254107,0.0792459052049,21,20,pop:sample:620
0,9,40,0.11637184978,35,0.72,0.27,0.26,0.19,97,0.116805758767,RETURNED,0.108256254107,0.0792459052049,21,20,pop:sample:626
0,9,40,0.11433831448,36,1.61,0.21,0.26,1.15,99,0.114846870127,RETURNED,0.108256254107,0.0792459052049,21,20,pop:sample:634
0,9,40,0.113544488097,37,0.76,0.25,0.26,0.25,99,0.113544488097,RETURNED,0.108256254107,0.0792459052049,21,20,pop:sample:648
0,9,40,0.11283709103,38,1.79,1.37,0.25,0.17,88,0.11283709103,RETURNED,0.108256254107,0.0792459052049,21,20,pop:sample:658
0,9,40,0.108489963576,39,1.34,0.73,0.27,0.33,77,0.110423815869,RETURNED,0.108256254107,0.0792459052049,21,20,pop:sample:676
0,9,40,0.107538865163,40,0.74,0.35,0.25,0.14,94,0.107538865163,RETURNED,0.108256254107,0.0792459052049,21,20,pop:sample:690
0,9,40,0.104529154118,41,0.86,0.32,0.27,0.27,95,0.104529154118,RETURNED,0.108256254107,0.0792459052049,21,20,pop:sample:699
0,9,40,0.104529154118,42,1.59,0.23,0.26,1.11,111,0.104529154118,RETURNED,0.108256254107,0.0792459052049,21,20,pop:sample:708
0,9,40,0.103548785014,43,0.92,0.48,0.25,0.18,86,0.103548785014,RETURNED,0.108256254107,0.0792459052049,21,20,pop:sample:720
0,9,40,0.101668911997,44,1.18,0.2,0.26,0.72,80,0.101668911997,RETURNED,0.108256254107,0.0792459052049,21,20,pop:sample:729
0,9,40,0.100299700392,45,0.89,0.45,0.27,0.17,88,0.100299700392,RETURNED,0.108256254107,0.0792459052049,21,20,pop:sample:739
0,9,40,0.100004351402,46,1.21,0.49,0.26,0.46,96,0.100297753228,RETURNED,0.108256254107,0.0792459052049,21,20,pop:sample:749
0,9,40,0.0933505404327,47,1.06,0.5,0.26,0.31,101,0.0933505404327,RETURNED,0.108256254107,0.0792459052049,21,20,pop:sample:757
0,9,40,0.0933505404327,48,0.78,0.34,0.26,0.18,103,0.0933505404327,RETURNED,0.108256254107,0.0792459052049,21,20,pop:sample:765
0,9,40,0.0919388675145,49,0.66,0.24,0.25,0.17,96,0.0919388675145,RETURNED,0.108256254107,0.0792459052049,21,20,pop:sample:771
0,10,40,0.513523382544,0,5.33,3.87,0.52,0.94,526,0.537047118611,RETURNED,0.799034665465,0.727772844471,20,27,pop:sample:53
0,10,40,0.400546233271,1,2.43,1.0,0.52,0.91,523,0.400695247269,RETURNED,0.799034665465,0.727772844471,20,27,pop:sample:92
0,10,40,0.387407042115,2,1.92,1.19,0.52,0.21,538,0.369250199796,RETURNED,0.799034665465,0.727772844471,20,27,pop:sample:123
0,10,40,0.330146245797,3,4.24,1.01,0.53,2.69,526,0.30905346205,RETURNED,0.799034665465,0.727772844471,20,27,pop:sample:139
0,10,40,0.314346374764,4,2.9,0.81,0.52,1.57,531,0.255826833993,RETURNED,0.799034665465,0.727772844471,20,27,pop:sample:170
0,10,40,0.275099640547,5,2.55,0.21,0.53,1.82,530,0.244021570153,RETURNED,0.799034665465,0.727772844471,20,27,pop:sample:205
0,10,40,0.321358736648,6,1.41,0.23,0.54,0.64,535,0.232459113556,RETURNED,0.799034665465,0.727772844471,20,27,pop:sample:224
0,10,40,0.242287192959,7,1.78,0.3,0.52,0.96,517,0.215083623876,RETURNED,0.799034665465,0.727772844471,20,27,pop:sample:248
0,10,40,0.27777408197,8,4.75,2.25,0.52,1.98,531,0.209952062971,RETURNED,0.799034665465,0.727772844471,20,27,pop:sample:273
0,10,40,0.271621506471,9,1.25,0.4,0.52,0.33,532,0.188501872435,RETURNED,0.799034665465,0.727772844471,20,27,pop:sample:313
0,10,40,0.249077371877,10,0.97,0.19,0.61,0.17,529,0.198636253803,RETURNED,0.799034665465,0.727772844471,20,27,pop:sample:331
0,10,40,0.298499287914,11,0.85,0.18,0.54,0.14,529,0.180075385212,RETURNED,0.799034665465,0.727772844471,20,27,pop:sample:344
0,10,40,0.238247931944,12,1.1,0.33,0.54,0.23,538,0.174647395877,RETURNED,0.799034665465,0.727772844471,20,27,pop:sample:351
0,10,40,0.266885625588,13,1.58,0.23,0.52,0.84,529,0.174647395877,RETURNED,0.799034665465,0.727772844471,20,27,pop:sample:369
0,10,40,0.281411540363,14,0.96,0.24,0.54,0.18,532,0.172499914678,RETURNED,0.799034665465,0.727772844471,20,27,pop:sample:391
0,10,40,0.278039818172,15,1.85,0.19,0.52,1.14,539,0.164341605749,RETURNED,0.799034665465,0.727772844471,20,27,pop:sample:404
0,10,40,0.2418976678,16,1.72,0.96,0.54,0.22,526,0.162341004641,RETURNED,0.799034665465,0.727772844471,20,27,pop:sample:421
0,10,40,0.258518076775,17,1.93,0.18,0.52,1.24,530,0.155728740133,RETURNED,0.799034665465,0.727772844471,20,27,pop:sample:442
0,10,40,0.204122565083,18,3.76,3.11,0.51,0.14,532,0.144846607893,RETURNED,0.799034665465,0.727772844471,20,27,pop:sample:466
0,10,40,0.194234492038,19,1.48,0.77,0.53,0.18,533,0.144846607893,RETURNED,0.799034665465,0.727772844471,20,27,pop:sample:492
0,10,40,0.24394379953,20,2.8,1.72,0.53,0.55,528,0.13570109799,RETURNED,0.799034665465,0.727772844471,20,27,pop:sample:511
0,10,40,0.248774444471,21,0.99,0.29,0.53,0.17,534,0.130618236935,RETURNED,0.799034665465,0.727772844471,20,27,pop:sample:546
0,10,40,0.228919983221,22,3.26,1.39,0.53,1.34,533,0.128369566509,RETURNED,0.799034665465,0.727772844471,20,27,pop:sample:559
0,10,40,0.25829364215,23,0.95,0.19,0.51,0.24,539,0.128710159982,RETURNED,0.799034665465,0.727772844471,20,27,pop:sample:594
0,10,40,0.227727929619,24,0.92,0.21,0.51,0.2,525,0.11948120647,RETURNED,0.799034665465,0.727772844471,20,27,pop:sample:606
0,10,40,0.18456457507,25,1.8,1.08,0.51,0.2,517,0.116805758767,RETURNED,0.799034665465,0.727772844471,20,27,pop:sample:617
0,10,40,0.196443078034,26,0.87,0.2,0.52,0.15,532,0.116422165443,RETURNED,0.799034665465,0.727772844471,20,27,pop:sample:637
0,10,40,0.190241145041,27,1.02,0.38,0.51,0.12,539,0.114988659832,RETURNED,0.799034665465,0.727772844471,20,27,pop:sample:644
0,10,40,0.181583878858,28,1.93,1.28,0.53,0.12,525,0.11433831448,RETURNED,0.799034665465,0.727772844471,20,27,pop:sample:652
0,10,40,0.231578474911,29,1.55,0.82,0.54,0.19,540,0.113914152362,RETURNED,0.799034665465,0.727772844471,20,27,pop:sample:673
0,10,40,0.174272218509,30,1.44,0.6,0.53,0.31,531,0.1099694273,RETURNED,0.799034665465,0.727772844471,20,27,pop:sample:692
0,10,40,0.168983268444,31,1.03,0.37,0.52,0.14,517,0.106318280663,RETURNED,0.799034665465,0.727772844471,20,27,pop:sample:706
0,10,40,0.171029825128,32,1.04,0.22,0.51,0.31,532,0.102483432785,RETURNED,0.799034665465,0.727772844471,20,27,pop:sample:715
0,10,40,0.203658662741,33,0.83,0.18,0.51,0.14,519,0.10389543836,RETURNED,0.799034665465,0.727772844471,20,27,pop:sample:724
0,10,40,0.177937486201,34,1.6,0.8,0.52,0.28,528,0.102217008484,RETURNED,0.799034665465,0.727772844471,20,27,pop:sample:732
0,10,40,0.195831498753,35,1.09,0.18,0.53,0.37,529,0.0999681674613,RETURNED,0.799034665465,0.727772844471,20,27,pop:sample:747
0,10,40,0.234827617165,36,1.17,0.44,0.52,0.2,538,0.0981316143078,RETURNED,0.799034665465,0.727772844471,20,27,pop:sample:755
0,10,40,0.182850073496,37,0.97,0.27,0.55,0.14,532,0.0973369268401,RETURNED,0.799034665465,0.727772844471,20,27,pop:sample:763
0,10,40,0.189999890651,38,1.19,0.24,0.55,0.4,527,0.0977106573807,RETURNED,0.799034665465,0.727772844471,20,27,pop:sample:772
0,10,40,0.180195016267,39,1.14,0.18,0.53,0.43,532,0.0933465097941,RETURNED,0.799034665465,0.727772844471,20,27,pop:sample:778
0,10,40,0.187012327112,40,0.92,0.19,0.52,0.21,530,0.0888910454142,RETURNED,0.799034665465,0.727772844471,20,27,pop:sample:785
0,10,40,0.16501349638,41,0.92,0.17,0.52,0.23,531,0.0906376906424,RETURNED,0.799034665465,0.727772844471,20,27,pop:sample:789
0,10,40,0.185894125186,42,1.12,0.46,0.51,0.15,524,0.0906376906424,RETURNED,0.799034665465,0.727772844471,20,27,pop:sample:793
0,10,40,0.185161736041,43,0.99,0.28,0.52,0.19,539,0.090299383047,RETURNED,0.799034665465,0.727772844471,20,27,pop:sample:794
0,10,40,0.13760654296,44,1.23,0.56,0.54,0.13,524,0.0888910454142,RETURNED,0.799034665465,0.727772844471,20,27,pop:sample:795
0,10,40,0.159956495433,45,1.16,0.35,0.52,0.28,517,0.090302876017,RETURNED,0.799034665465,0.727772844471,20,27,pop:sample:796
0,10,40,0.20666995709,46,0.85,0.21,0.51,0.13,530,0.0888910454142,RETURNED,0.799034665465,0.727772844471,20,27,pop:sample:797
0,10,40,0.271902978937,47,1.07,0.29,0.52,0.26,540,0.0888910454142,RETURNED,0.799034665465,0.727772844471,20,27,pop:sample:798
0,10,40,0.183027061866,48,0.85,0.18,0.52,0.15,533,0.0888910454142,RETURNED,0.799034665465,0.727772844471,20,27,pop:sample:799
0,10,40,0.223651480704,49,0.99,0.29,0.51,0.18,526,0.0919218241651,RETURNED,0.799034665465,0.727772844471,20,27,pop:sample:800
0,11,40,562.0722592,0,0.67,0.27,0.09,0.32,295,656.731952115,RETURNED,0.25967203552,0.484279578625,19,25,pop:sample:13
0,11,40,0.571477704879,1,0.7,0.23,0.31,0.15,324,0.692465580891,RETURNED,0.25967203552,0.484279578625,19,25,pop:sample:20
0,11,40,0.4991595774,2,1.06,0.65,0.27,0.14,292,0.588851400818,RETURNED,0.25967203552,0.484279578625,19,25,pop:sample:34
0,11,40,0.480006077655,3,1.21,0.54,0.32,0.35,257,0.523574221793,RETURNED,0.25967203552,0.484279578625,19,25,pop:sample:51
0,11,40,0.403495552217,4,1.86,0.74,0.34,0.78,314,0.428480662876,RETURNED,0.25967203552,0.484279578625,19,25,pop:sample:69
0,11,40,0.377014426886,5,2.27,0.76,0.32,1.18,289,0.387051622768,RETURNED,0.25967203552,0.484279578625,19,25,pop:sample:94
0,11,40,0.34814681771,6,2.72,0.68,0.34,1.71,300,0.365620695322,RETURNED,0.25967203552,0.484279578625,19,25,pop:sample:124
0,11,40,0.299843443809,7,3.64,0.83,0.34,2.48,312,0.318045622711,RETURNED,0.25967203552,0.484279578625,19,25,pop:sample:146
0,11,40,0.26818602323,8,2.65,0.66,0.35,1.64,305,0.26818602323,RETURNED,0.25967203552,0.484279578625,19,25,pop:sample:175
0,11,40,0.234296968159,9,0.85,0.29,0.36,0.19,318,0.234848305153,RETURNED,0.25967203552,0.484279578625,19,25,pop:sample:203
0,11,40,0.236225441934,10,1.93,0.17,0.36,1.4,332,0.237176930028,RETURNED,0.25967203552,0.484279578625,19,25,pop:sample:212
0,11,40,0.223329607134,11,0.81,0.26,0.37,0.18,321,0.236225441934,RETURNED,0.25967203552,0.484279578625,19,25,pop:sample:228
0,11,40,0.215561025679,12,1.78,0.68,0.35,0.74,309,0.215561025679,RETURNED,0.25967203552,0.484279578625,19,25,pop:sample:241
0,11,40,0.202146851464,13,3.32,1.11,0.34,1.87,290,0.203016492968,RETURNED,0.25967203552,0.484279578625,19,25,pop:sample:266
0,11,40,0.194528343173,14,3.4,2.16,0.36,0.87,308,0.194528343173,RETURNED,0.25967203552,0.484279578625,19,25,pop:sample:296
0,11,40,0.18107965898,15,2.35,1.84,0.36,0.15,331,0.18107965898,RETURNED,0.25967203552,0.484279578625,19,25,pop:sample:338
0,11,40,0.176306637037,16,0.7,0.21,0.36,0.13,339,0.176306637037,RETURNED,0.25967203552,0.484279578625,19,25,pop:sample:358
0,11,40,0.173360774492,17,0.73,0.2,0.35,0.18,296,0.176306637037,RETURNED,0.25967203552,0.484279578625,19,25,pop:sample:374
0,11,40,0.165346795963,18,0.85,0.25,0.33,0.27,301,0.17143561002,RETURNED,0.25967203552,0.484279578625,19,25,pop:sample:384
0,11,40,0.159091153332,19,0.98,0.48,0.35,0.16,317,0.162072864789,RETURNED,0.25967203552,0.484279578625,19,25,pop:sample:396
0,11,40,0.161896577514,20,2.14,1.61,0.35,0.19,287,0.163689931395,RETURNED,0.25967203552,0.484279578625,19,25,pop:sample:407
0,11,40,0.155884438623,21,3.0,1.25,0.36,1.39,328,0.156795597973,RETURNED,0.25967203552,0.484279578625,19,25,pop:sample:430
0,11,40,0.146135051572,22,3.24,0.21,0.35,2.68,305,0.147906323231,RETURNED,0.25967203552,0.484279578625,19,25,pop:sample:465
0,11,40,0.13570109799,23,1.65,1.13,0.35,0.17,290,0.144846607893,RETURNED,0.25967203552,0.484279578625,19,25,pop:sample:486
0,11,40,0.13345557878,24,2.32,1.42,0.34,0.56,308,0.134686249374,RETURNED,0.25967203552,0.484279578625,19,25,pop:sample:509
0,11,40,0.130840704009,25,2.05,0.7,0.34,1.01,296,0.130840704009,RETURNED,0.25967203552,0.484279578625,19,25,pop:sample:533
0,11,40,0.121697372143,26,1.73,1.19,0.34,0.2,289,0.127406515861,RETURNED,0.25967203552,0.484279578625,19,25,pop:sample:564
0,11,40,0.121590750301,27,0.9,0.42,0.34,0.14,294,0.121697372143,RETURNED,0.25967203552,0.484279578625,19,25,pop:sample:581
0,11,40,0.119480012292,28,1.83,0.27,0.34,1.21,296,0.121590750301,RETURNED,0.25967203552,0.484279578625,19,25,pop:sample:590
0,11,40,0.114988659832,29,1.6,1.03,0.38,0.19,322,0.11648481726,RETURNED,0.25967203552,0.484279578625,19,25,pop:sample:611
0,11,40,0.114988659832,30,0.95,0.26,0.35,0.34,310,0.114988659832,RETURNED,0.25967203552,0.484279578625,19,25,pop:sample:633
0,11,40,0.113544488097,31,1.39,0.45,0.37,0.57,295,0.113571504198,RETURNED,0.25967203552,0.484279578625,19,25,pop:sample:640
0,11,40,0.113914152362,32,1.72,0.2,0.35,1.18,309,0.113914152362,RETURNED,0.25967203552,0.484279578625,19,25,pop:sample:650
0,11,40,0.112028803327,33,0.68,0.17,0.35,0.15,302,0.112028803327,RETURNED,0.25967203552,0.484279578625,19,25,pop:sample:671
0,11,40,0.106089192131,34,1.25,0.69,0.36,0.2,305,0.107844686024,RETURNED,0.25967203552,0.484279578625,19,25,pop:sample:680
0,11,40,0.107538176501,35,1.14,0.2,0.35,0.59,316,0.107538176501,RETURNED,0.25967203552,0.484279578625,19,25,pop:sample:693
0,11,40,0.107538865163,36,1.44,0.15,0.34,0.96,299,0.107538865163,RETURNED,0.25967203552,0.484279578625,19,25,pop:sample:703
0,11,40,0.103548785014,37,0.95,0.16,0.34,0.45,291,0.103548785014,RETURNED,0.25967203552,0.484279578625,19,25,pop:sample:716
0,11,40,0.103196021284,38,0.96,0.31,0.35,0.31,297,0.103196021284,RETURNED,0.25967203552,0.484279578625,19,25,pop:sample:725
0,11,40,0.100299700392,39,0.76,0.2,0.35,0.2,294,0.100299700392,RETURNED,0.25967203552,0.484279578625,19,25,pop:sample:735
0,11,40,0.100299700392,40,0.85,0.26,0.35,0.25,311,0.100299700392,RETURNED,0.25967203552,0.484279578625,19,25,pop:sample:742
0,11,40,0.100004351402,41,1.0,0.48,0.35,0.16,304,0.100297753228,RETURNED,0.25967203552,0.484279578625,19,25,pop:sample:750
0,11,40,0.0978356443283,42,1.03,0.19,0.36,0.48,324,0.0981316143078,RETURNED,0.25967203552,0.484279578625,19,25,pop:sample:756
0,11,40,0.0933505404327,43,0.8,0.25,0.34,0.21,288,0.0933505404327,RETURNED,0.25967203552,0.484279578625,19,25,pop:sample:764
0,11,40,0.0933465097941,44,0.94,0.27,0.36,0.31,300,0.0933465097941,RETURNED,0.25967203552,0.484279578625,19,25,pop:sample:769
0,11,40,0.0919388675145,45,1.22,0.56,0.34,0.32,316,0.0919388675145,RETURNED,0.25967203552,0.484279578625,19,25,pop:sample:777
0,11,40,0.0903069188633,46,0.66,0.15,0.35,0.16,319,0.0903069188633,RETURNED,0.25967203552,0.484279578625,19,25,pop:sample:783
0,11,40,0.090302876017,47,0.63,0.15,0.34,0.13,319,0.090302876017,RETURNED,0.25967203552,0.484279578625,19,25,pop:sample:787
0,11,40,0.090302876017,48,0.65,0.17,0.34,0.14,286,0.090302876017,RETURNED,0.25967203552,0.484279578625,19,25,pop:sample:790
0,11,40,0.0888910454142,49,0.86,0.39,0.35,0.12,320,0.0888910454142,RETURNED,0.25967203552,0.484279578625,19,25,pop:sample:792
0,12,40,534.20980575,0,0.45,0.15,0.03,0.28,140,627.184548361,RETURNED,0.692396229845,0.996618149231,13,10,pop:sample:1
0,12,40,0.647793001608,1,1.45,1.19,0.12,0.14,140,0.688714109987,RETURNED,0.692396229845,0.996618149231,13,10,pop:sample:29
0,12,40,0.569191688515,2,0.4,0.17,0.13,0.1,135,0.58241808028,RETURNED,0.692396229845,0.996618149231,13,10,pop:sample:38
0,12,40,0.501957085232,3,0.49,0.26,0.12,0.1,139,0.534970291308,RETURNED,0.692396229845,0.996618149231,13,10,pop:sample:45
0,12,40,0.538990222498,4,1.38,1.03,0.13,0.22,139,0.545984754443,RETURNED,0.692396229845,0.996618149231,13,10,pop:sample:57
0,12,40,0.423803662459,5,0.36,0.13,0.13,0.11,139,0.448886763075,RETURNED,0.692396229845,0.996618149231,13,10,pop:sample:73
0,12,40,0.45034266574,6,1.1,0.34,0.13,0.63,140,0.459190429012,RETURNED,0.692396229845,0.996618149231,13,10,pop:sample:79
0,12,40,0.419673511601,7,0.44,0.17,0.13,0.14,138,0.411743585933,RETURNED,0.692396229845,0.996618149231,13,10,pop:sample:93
0,12,40,0.365647119139,8,0.74,0.42,0.13,0.2,138,0.388069522837,RETURNED,0.692396229845,0.996618149231,13,10,pop:sample:99
0,12,40,0.374328492785,9,1.53,1.04,0.14,0.35,140,0.37230228682,RETURNED,0.692396229845,0.996618149231,13,10,pop:sample:107
0,12,40,0.365722411316,10,1.36,1.08,0.13,0.16,141,0.376136915191,RETURNED,0.692396229845,0.996618149231,13,10,pop:sample:128
0,12,40,0.359337218088,11,2.07,0.91,0.13,1.03,139,0.35241528293,RETURNED,0.692396229845,0.996618149231,13,10,pop:sample:137
0,12,40,0.34425533876,12,0.41,0.16,0.13,0.12,141,0.328098211916,RETURNED,0.692396229845,0.996618149231,13,10,pop:sample:157
0,12,40,0.298297644034,13,2.3,2.08,0.13,0.09,138,0.273735780921,RETURNED,0.692396229845,0.996618149231,13,10,pop:sample:164
0,12,40,0.270600652566,14,0.71,0.44,0.13,0.15,140,0.273735780921,RETURNED,0.692396229845,0.996618149231,13,10,pop:sample:176
0,12,40,0.281669420347,15,1.53,0.13,0.13,1.26,139,0.271248532775,RETURNED,0.692396229845,0.996618149231,13,10,pop:sample:189
0,12,40,0.270005014361,16,0.44,0.15,0.13,0.16,138,0.267127497555,RETURNED,0.692396229845,0.996618149231,13,10,pop:sample:202
0,12,40,0.253807054083,17,1.76,0.11,0.13,1.52,140,0.25195673163,RETURNED,0.692396229845,0.996618149231,13,10,pop:sample:209
0,12,40,0.263076351693,18,0.96,0.71,0.13,0.12,138,0.232459113556,RETURNED,0.692396229845,0.996618149231,13,10,pop:sample:221
0,12,40,0.219644903694,19,0.79,0.2,0.13,0.46,140,0.216320113313,RETURNED,0.692396229845,0.996618149231,13,10,pop:sample:232
0,12,40,0.20760845446,20,0.46,0.19,0.13,0.14,142,0.210568157273,RETURNED,0.692396229845,0.996618149231,13,10,pop:sample:246
0,12,40,0.229060658408,21,1.49,0.87,0.13,0.5,137,0.230320756177,RETURNED,0.692396229845,0.996618149231,13,10,pop:sample:254
0,12,40,0.245356079856,22,0.43,0.2,0.13,0.1,139,0.218995096382,RETURNED,0.692396229845,0.996618149231,13,10,pop:sample:276
0,12,40,0.20639696417,23,2.66,2.43,0.13,0.11,140,0.200012315554,RETURNED,0.692396229845,0.996618149231,13,10,pop:sample:279
0,12,40,0.220322109165,24,2.26,1.77,0.13,0.36,141,0.199154588842,RETURNED,0.692396229845,0.996618149231,13,10,pop:sample:298
0,12,40,0.20336452163,25,0.6,0.35,0.13,0.12,141,0.183105948213,RETURNED,0.692396229845,0.996618149231,13,10,pop:sample:320
0,12,40,0.194528343173,26,1.08,0.12,0.13,0.83,138,0.192735626366,RETURNED,0.692396229845,0.996618149231,13,10,pop:sample:333
0,12,40,0.186094193581,27,1.2,0.13,0.14,0.93,142,0.17742310918,RETURNED,0.692396229845,0.996618149231,13,10,pop:sample:346
0,12,40,0.216077492637,28,0.65,0.13,0.14,0.38,141,0.172741837795,RETURNED,0.692396229845,0.996618149231,13,10,pop:sample:356
0,12,40,0.220223577767,29,1.55,0.88,0.14,0.52,139,0.181608778488,RETURNED,0.692396229845,0.996618149231,13,10,pop:sample:371
0,12,40,0.170676040052,30,0.49,0.18,0.14,0.17,139,0.164345728505,RETURNED,0.692396229845,0.996618149231,13,10,pop:sample:392
0,12,40,0.172889649078,31,1.53,0.26,0.13,1.14,139,0.158894280284,RETURNED,0.692396229845,0.996618149231,13,10,pop:sample:397
0,12,40,0.164374313672,32,0.93,0.16,0.13,0.64,139,0.165213329558,RETURNED,0.692396229845,0.996618149231,13,10,pop:sample:413
0,12,40,0.181909944441,33,1.14,0.57,0.13,0.44,139,0.157283734554,RETURNED,0.692396229845,0.996618149231,13,10,pop:sample:424
0,12,40,0.178700582254,34,0.53,0.24,0.14,0.16,142,0.163394291062,RETURNED,0.692396229845,0.996618149231,13,10,pop:sample:436
0,12,40,0.183427192009,35,1.28,1.06,0.13,0.09,140,0.155123038559,RETURNED,0.692396229845,0.996618149231,13,10,pop:sample:445
0,12,40,0.155617277013,36,1.12,0.89,0.13,0.1,140,0.144846607893,RETURNED,0.692396229845,0.996618149231,13,10,pop:sample:459
0,12,40,0.15005569398,37,0.39,0.14,0.13,0.12,140,0.154530313627,RETURNED,0.692396229845,0.996618149231,13,10,pop:sample:469
0,12,40,0.173065629558,38,2.34,2.08,0.13,0.14,136,0.155099850841,RETURNED,0.692396229845,0.996618149231,13,10,pop:sample:475
0,12,40,0.148985561647,39,1.11,0.66,0.13,0.31,139,0.146135051572,RETURNED,0.692396229845,0.996618149231,13,10,pop:sample:489
0,12,40,0.173701684976,40,1.44,0.16,0.13,1.15,140,0.13927822604,RETURNED,0.692396229845,0.996618149231,13,10,pop:sample:503
0,12,40,0.157759623212,41,0.39,0.15,0.13,0.11,142,0.144740866442,RETURNED,0.692396229845,0.996618149231,13,10,pop:sample:514
0,12,40,0.14333839993,42,1.04,0.68,0.13,0.24,140,0.137461861638,RETURNED,0.692396229845,0.996618149231,13,10,pop:sample:521
0,12,40,0.163265516674,43,0.62,0.24,0.13,0.25,140,0.134974808705,RETURNED,0.692396229845,0.996618149231,13,10,pop:sample:535
0,12,40,0.172595466699,44,1.14,0.87,0.14,0.14,140,0.133757521845,RETURNED,0.692396229845,0.996618149231,13,10,pop:sample:545
0,12,40,0.168469820485,45,0.34,0.12,0.13,0.09,138,0.131013787384,RETURNED,0.692396229845,0.996618149231,13,10,pop:sample:563
0,12,40,0.125051813631,46,1.0,0.15,0.13,0.71,141,0.127072374092,RETURNED,0.692396229845,0.996618149231,13,10,pop:sample:565
0,12,40,0.152102183337,47,0.78,0.14,0.13,0.51,138,0.128516787204,RETURNED,0.692396229845,0.996618149231,13,10,pop:sample:573
0,12,40,0.149892717125,48,1.3,1.08,0.13,0.09,141,0.124886270817,RETURNED,0.692396229845,0.996618149231,13,10,pop:sample:587
0,12,40,0.165895244872,49,1.2,0.13,0.13,0.94,141,0.124318702027,RETURNED,0.692396229845,0.996618149231,13,10,pop:sample:598
0,13,40,387.840570215,0,1.12,0.52,0.05,0.56,229,515.235288967,RETURNED,0.402955119971,0.908952893174,22,10,pop:sample:2
0,13,40,0.668618389056,1,0.83,0.38,0.17,0.28,233,0.756586094383,RETURNED,0.402955119971,0.908952893174,22,10,pop:sample:27
0,13,40,0.495804241943,2,0.82,0.34,0.18,0.29,228,0.565903103609,RETURNED,0.402955119971,0.908952893174,22,10,pop:sample:40
0,13,40,0.394773795406,3,2.02,1.38,0.18,0.45,220,0.469554255293,RETURNED,0.402955119971,0.908952893174,22,10,pop:sample:58
0,13,40,0.367987601401,4,1.38,0.29,0.19,0.9,235,0.428406098651,RETURNED,0.402955119971,0.908952893174,22,10,pop:sample:83
0,13,40,0.341204918032,5,1.67,0.27,0.19,1.2,235,0.394875482473,RETURNED,0.402955119971,0.908952893174,22,10,pop:sample:102
0,13,40,0.323222787396,6,2.73,0.71,0.2,1.82,236,0.340953376966,RETURNED,0.402955119971,0.908952893174,22,10,pop:sample:119
0,13,40,0.290230004786,7,1.12,0.29,0.2,0.63,230,0.323948514763,RETURNED,0.402955119971,0.908952893174,22,10,pop:sample:142
0,13,40,0.273735780921,8,0.78,0.24,0.2,0.34,230,0.289276657072,RETURNED,0.402955119971,0.908952893174,22,10,pop:sample:154
0,13,40,0.255826833993,9,0.68,0.21,0.2,0.27,229,0.273003309218,RETURNED,0.402955119971,0.908952893174,22,10,pop:sample:162
0,13,40,0.278017783116,10,1.44,0.51,0.2,0.73,234,0.285556521751,RETURNED,0.402955119971,0.908952893174,22,10,pop:sample:168
0,13,40,0.253073658695,11,1.81,0.19,0.19,1.42,226,0.26993704967,RETURNED,0.402955119971,0.908952893174,22,10,pop:sample:177
0,13,40,0.243115571359,12,0.56,0.21,0.2,0.15,227,0.248717074881,RETURNED,0.402955119971,0.908952893174,22,10,pop:sample:197
0,13,40,0.227817332311,13,0.7,0.26,0.2,0.24,228,0.241665922582,RETURNED,0.402955119971,0.908952893174,22,10,pop:sample:206
0,13,40,0.226267251595,14,3.01,1.98,0.2,0.83,229,0.226637963302,RETURNED,0.402955119971,0.908952893174,22,10,pop:sample:213
0,13,40,0.204137491788,15,1.79,1.3,0.2,0.3,231,0.223594463396,RETURNED,0.402955119971,0.908952893174,22,10,pop:sample:245
0,13,40,0.200003472863,16,0.76,0.25,0.2,0.3,230,0.215567501695,RETURNED,0.402955119971,0.908952893174,22,10,pop:sample:270
0,13,40,0.211304050857,17,3.1,0.33,0.2,2.57,232,0.212920411999,RETURNED,0.402955119971,0.908952893174,22,10,pop:sample:282
0,13,40,0.190789329535,18,2.22,0.29,0.2,1.74,235,0.196079354523,RETURNED,0.402955119971,0.908952893174,22,10,pop:sample:304
0,13,40,0.179391564639,19,1.98,1.38,0.2,0.39,228,0.180514998011,RETURNED,0.402955119971,0.908952893174,22,10,pop:sample:328
0,13,40,0.172211452842,20,0.97,0.23,0.2,0.54,229,0.179444485087,RETURNED,0.402955119971,0.908952893174,22,10,pop:sample:350
0,13,40,0.17143561002,21,0.81,0.28,0.21,0.32,236,0.173873735403,RETURNED,0.402955119971,0.908952893174,22,10,pop:sample:364
0,13,40,0.168399388352,22,0.71,0.31,0.21,0.19,231,0.169502950467,RETURNED,0.402955119971,0.908952893174,22,10,pop:sample:376
0,13,40,0.159896199725,23,0.72,0.31,0.21,0.2,237,0.16514256757,RETURNED,0.402955119971,0.908952893174,22,10,pop:sample:389
0,13,40,0.163394291062,24,0.91,0.35,0.2,0.36,230,0.162621834008,RETURNED,0.402955119971,0.908952893174,22,10,pop:sample:398
0,13,40,0.157283734554,25,0.64,0.28,0.21,0.15,229,0.16004256085,RETURNED,0.402955119971,0.908952893174,22,10,pop:sample:409
0,13,40,0.155262276849,26,1.74,1.41,0.2,0.14,219,0.156991499367,RETURNED,0.402955119971,0.908952893174,22,10,pop:sample:414
0,13,40,0.15686229515,27,1.3,0.21,0.21,0.89,230,0.160156612309,RETURNED,0.402955119971,0.908952893174,22,10,pop:sample:434
0,13,40,0.154349252791,28,2.84,2.44,0.2,0.19,231,0.155676424373,RETURNED,0.402955119971,0.908952893174,22,10,pop:sample:453
0,13,40,0.13927822604,29,2.62,2.25,0.21,0.17,234,0.141469852029,RETURNED,0.402955119971,0.908952893174,22,10,pop:sample:477
0,13,40,0.135960145502,30,0.77,0.4,0.19,0.18,228,0.135960145502,RETURNED,0.402955119971,0.908952893174,22,10,pop:sample:497
0,13,40,0.134974808705,31,1.71,0.23,0.2,1.28,233,0.135367717113,RETURNED,0.402955119971,0.908952893174,22,10,pop:sample:508
0,13,40,0.132206279543,32,0.93,0.28,0.2,0.45,227,0.135212389675,RETURNED,0.402955119971,0.908952893174,22,10,pop:sample:524
0,13,40,0.128625592051,33,0.85,0.3,0.2,0.36,223,0.130840704009,RETURNED,0.402955119971,0.908952893174,22,10,pop:sample:539
0,13,40,0.123997525231,34,2.03,0.25,0.2,1.58,233,0.124197296901,RETURNED,0.402955119971,0.908952893174,22,10,pop:sample:552
0,13,40,0.125358147056,35,0.91,0.4,0.2,0.31,229,0.125830035943,RETURNED,0.402955119971,0.908952893174,22,10,pop:sample:570
0,13,40,0.12252831381,36,0.79,0.25,0.2,0.34,234,0.12487839128,RETURNED,0.402955119971,0.908952893174,22,10,pop:sample:588
0,13,40,0.121697372143,37,1.78,0.21,0.2,1.37,235,0.121697372143,RETURNED,0.402955119971,0.908952893174,22,10,pop:sample:593
0,13,40,0.116778824057,38,1.2,0.19,0.2,0.8,231,0.116805758767,RETURNED,0.402955119971,0.908952893174,22,10,pop:sample:612
0,13,40,0.113933697541,39,2.24,1.86,0.2,0.18,233,0.11506046062,RETURNED,0.402955119971,0.908952893174,22,10,pop:sample:627
0,13,40,0.113914152362,40,1.23,0.84,0.2,0.19,237,0.113914152362,RETURNED,0.402955119971,0.908952893174,22,10,pop:sample:647
0,13,40,0.109555637647,41,1.52,1.13,0.2,0.19,230,0.112059235475,RETURNED,0.402955119971,0.908952893174,22,10,pop:sample:664
0,13,40,0.108562171155,42,0.7,0.24,0.2,0.26,237,0.110753949499,RETURNED,0.402955119971,0.908952893174,22,10,pop:sample:679
0,13,40,0.102549022387,43,0.67,0.32,0.2,0.14,228,0.108199213686,RETURNED,0.402955119971,0.908952893174,22,10,pop:sample:686
0,13,40,0.107611061095,44,0.83,0.26,0.19,0.37,224,0.107677953877,RETURNED,0.402955119971,0.908952893174,22,10,pop:sample:694
0,13,40,0.10438541941,45,0.94,0.22,0.19,0.52,234,0.105686261943,RETURNED,0.402955119971,0.908952893174,22,10,pop:sample:701
0,13,40,0.102345383978,46,1.56,1.22,0.2,0.14,226,0.102676150299,RETURNED,0.402955119971,0.908952893174,22,10,pop:sample:711
0,13,40,0.100299700392,47,0.54,0.18,0.2,0.16,238,0.100299700392,RETURNED,0.402955119971,0.908952893174,22,10,pop:sample:722
0,13,40,0.100602625643,48,1.26,0.88,0.2,0.18,236,0.101961865978,RETURNED,0.402955119971,0.908952893174,22,10,pop:sample:728
0,13,40,0.100299700392,49,0.62,0.28,0.19,0.15,226,0.100299700392,RETURNED,0.402955119971,0.908952893174,22,10,pop:sample:740
0,14,40,0.588676741971,0,1.39,0.96,0.18,0.24,178,0.669404904108,RETURNED,0.498765985781,0.478624769562,16,13,pop:sample:28
0,14,40,0.519628128372,1,0.65,0.24,0.18,0.23,164,0.577796945907,RETURNED,0.498765985781,0.478624769562,16,13,pop:sample:36
0,14,40,0.475105665969,2,0.58,0.2,0.19,0.19,169,0.517566747358,RETURNED,0.498765985781,0.478624769562,16,13,pop:sample:50
0,14,40,0.486725045956,3,1.42,1.06,0.18,0.17,171,0.48804906886,RETURNED,0.498765985781,0.478624769562,16,13,pop:sample:60
0,14,40,0.40599205267,4,1.3,0.99,0.19,0.12,173,0.428406098651,RETURNED,0.498765985781,0.478624769562,16,13,pop:sample:78
0,14,40,0.378739928338,5,1.84,0.66,0.18,1.0,169,0.380688499411,RETURNED,0.498765985781,0.478624769562,16,13,pop:sample:96
0,14,40,0.353434398727,6,2.6,0.86,0.19,1.56,181,0.350983076877,RETURNED,0.498765985781,0.478624769562,16,13,pop:sample:116
0,14,40,0.348078316388,7,1.29,0.65,0.18,0.45,169,0.349607058553,RETURNED,0.498765985781,0.478624769562,16,13,pop:sample:141
0,14,40,0.26818602323,8,2.51,0.3,0.18,2.03,178,0.28043143198,RETURNED,0.498765985781,0.478624769562,16,13,pop:sample:155
0,14,40,0.272335594115,9,0.65,0.14,0.18,0.33,174,0.285956151417,RETURNED,0.498765985781,0.478624769562,16,13,pop:sample:174
0,14,40,0.25195673163,10,0.66,0.34,0.18,0.14,171,0.25195673163,RETURNED,0.498765985781,0.478624769562,16,13,pop:sample:184
0,14,40,0.25195673163,11,0.46,0.14,0.18,0.14,169,0.25195673163,RETURNED,0.498765985781,0.478624769562,16,13,pop:sample:191
0,14,40,0.249707753867,12,0.42,0.13,0.18,0.11,171,0.254913922241,RETURNED,0.498765985781,0.478624769562,16,13,pop:sample:195
0,14,40,0.242513376804,13,0.6,0.19,0.18,0.22,171,0.244401256422,RETURNED,0.498765985781,0.478624769562,16,13,pop:sample:198
0,14,40,0.233805678843,14,2.21,1.87,0.19,0.15,177,0.244401256422,RETURNED,0.498765985781,0.478624769562,16,13,pop:sample:207
0,14,40,0.213957241086,15,1.04,0.67,0.19,0.18,179,0.226059740175,RETURNED,0.498765985781,0.478624769562,16,13,pop:sample:223
0,14,40,0.216320113313,16,1.6,0.63,0.19,0.79,168,0.216320113313,RETURNED,0.498765985781,0.478624769562,16,13,pop:sample:239
0,14,40,0.21249172905,17,0.81,0.48,0.19,0.15,178,0.215083623876,RETURNED,0.498765985781,0.478624769562,16,13,pop:sample:262
0,14,40,0.213035636095,18,1.98,0.2,0.19,1.59,175,0.214962116626,RETURNED,0.498765985781,0.478624769562,16,13,pop:sample:275
0,14,40,0.194528343173,19,0.56,0.16,0.18,0.22,164,0.194528343173,RETURNED,0.498765985781,0.478624769562,16,13,pop:sample:288
0,14,40,0.186756236071,20,0.62,0.2,0.18,0.24,158,0.194528343173,RETURNED,0.498765985781,0.478624769562,16,13,pop:sample:292
0,14,40,0.192621615586,21,0.49,0.19,0.18,0.13,161,0.194030634833,RETURNED,0.498765985781,0.478624769562,16,13,pop:sample:300
0,14,40,0.204137491788,22,1.73,1.42,0.18,0.13,166,0.204137491788,RETURNED,0.498765985781,0.478624769562,16,13,pop:sample:306
0,14,40,0.182651492331,23,0.51,0.18,0.18,0.15,153,0.182651492331,RETURNED,0.498765985781,0.478624769562,16,13,pop:sample:322
0,14,40,0.181173360551,24,2.43,2.1,0.2,0.12,178,0.181173360551,RETURNED,0.498765985781,0.478624769562,16,13,pop:sample:332
0,14,40,0.169502950467,25,0.54,0.2,0.19,0.15,173,0.169502950467,RETURNED,0.498765985781,0.478624769562,16,13,pop:sample:357
0,14,40,0.174954283116,26,0.72,0.26,0.2,0.26,172,0.181302520506,RETURNED,0.498765985781,0.478624769562,16,13,pop:sample:368
0,14,40,0.174605876625,27,1.94,0.91,0.2,0.83,174,0.174605876625,RETURNED,0.498765985781,0.478624769562,16,13,pop:sample:380
0,14,40,0.157105574856,28,0.48,0.17,0.19,0.13,174,0.159896199725,RETURNED,0.498765985781,0.478624769562,16,13,pop:sample:406
0,14,40,0.156089451168,29,1.4,0.21,0.19,1.0,178,0.160656354806,RETURNED,0.498765985781,0.478624769562,16,13,pop:sample:410
0,14,40,0.158607919404,30,1.24,0.94,0.19,0.12,167,0.160545710415,RETURNED,0.498765985781,0.478624769562,16,13,pop:sample:423
0,14,40,0.157316468384,31,0.89,0.14,0.19,0.55,169,0.157426512581,RETURNED,0.498765985781,0.478624769562,16,13,pop:sample:439
0,14,40,0.15607467062,32,3.13,1.33,0.17,1.63,156,0.15607467062,RETURNED,0.498765985781,0.478624769562,16,13,pop:sample:451
0,14,40,0.144846607893,33,2.11,0.29,0.18,1.63,166,0.144846607893,RETURNED,0.498765985781,0.478624769562,16,13,pop:sample:478
0,14,40,0.144844330193,34,0.56,0.25,0.19,0.13,176,0.144844330193,RETURNED,0.498765985781,0.478624769562,16,13,pop:sample:493
0,14,40,0.138216430382,35,2.44,1.56,0.18,0.7,159,0.14300868267,RETURNED,0.498765985781,0.478624769562,16,13,pop:sample:502
0,14,40,0.134623097593,36,0.52,0.16,0.19,0.18,171,0.134877209899,RETURNED,0.498765985781,0.478624769562,16,13,pop:sample:525
0,14,40,0.130418377929,37,1.04,0.67,0.18,0.18,164,0.130840704009,RETURNED,0.498765985781,0.478624769562,16,13,pop:sample:536
0,14,40,0.126639643514,38,2.04,0.3,0.19,1.55,170,0.13001159448,RETURNED,0.498765985781,0.478624769562,16,13,pop:sample:553
0,14,40,0.124917163179,39,0.58,0.15,0.18,0.24,171,0.124917163179,RETURNED,0.498765985781,0.478624769562,16,13,pop:sample:571
0,14,40,0.120531847127,40,1.52,1.08,0.18,0.25,176,0.120531847127,RETURNED,0.498765985781,0.478624769562,16,13,pop:sample:583
0,14,40,0.120910513381,41,1.43,0.51,0.19,0.73,181,0.120910513381,RETURNED,0.498765985781,0.478624769562,16,13,pop:sample:599
0,14,40,0.117211186614,42,0.55,0.2,0.18,0.17,171,0.117449745687,RETURNED,0.498765985781,0.478624769562,16,13,pop:sample:615
0,14,40,0.118949963589,43,2.04,0.93,0.19,0.93,170,0.119620173213,RETURNED,0.498765985781,0.478624769562,16,13,pop:sample:624
0,14,40,0.114988659832,44,1.3,0.97,0.18,0.14,173,0.114988659832,RETURNED,0.498765985781,0.478624769562,16,13,pop:sample:641
0,14,40,0.114121910566,45,0.59,0.28,0.19,0.12,178,0.11433831448,RETURNED,0.498765985781,0.478624769562,16,13,pop:sample:654
0,14,40,0.11357570397,46,0.51,0.2,0.19,0.12,181,0.114121910566,RETURNED,0.498765985781,0.478624769562,16,13,pop:sample:662
0,14,40,0.112954833612,47,1.44,0.88,0.19,0.37,174,0.112954833612,RETURNED,0.498765985781,0.478624769562,16,13,pop:sample:668
0,14,40,0.104529154118,48,0.66,0.25,0.19,0.23,162,0.106128296649,RETURNED,0.498765985781,0.478624769562,16,13,pop:sample:684
0,14,40,0.106089192131,49,0.75,0.42,0.19,0.14,168,0.106089192131,RETURNED,0.498765985781,0.478624769562,16,13,pop:sample:688
0,15,40,656.435089392,0,0.7,0.22,0.07,0.41,300,659.032350258,RETURNED,0.473239990741,0.446153857346,21,18,pop:sample:3
0,15,40,0.608891085877,1,1.61,0.52,0.3,0.79,303,0.778778841715,RETURNED,0.473239990741,0.446153857346,21,18,pop:sample:18
0,15,40,0.522951566724,2,0.87,0.38,0.32,0.17,279,0.56775202517,RETURNED,0.473239990741,0.446153857346,21,18,pop:sample:46
0,15,40,0.469638141311,3,0.91,0.44,0.33,0.14,287,0.510430402291,RETURNED,0.473239990741,0.446153857346,21,18,pop:sample:63
0,15,40,0.395985606089,4,1.86,0.6,0.33,0.93,300,0.431010361486,RETURNED,0.473239990741,0.446153857346,21,18,pop:sample:72
0,15,40,0.359510025382,5,1.97,0.77,0.32,0.88,290,0.397876766421,RETURNED,0.473239990741,0.446153857346,21,18,pop:sample:98
0,15,40,0.331029620223,6,3.52,1.21,0.32,1.99,288,0.340647887521,RETURNED,0.473239990741,0.446153857346,21,18,pop:sample:122
0,15,40,0.279011190906,7,1.14,0.48,0.32,0.34,288,0.298123746525,RETURNED,0.473239990741,0.446153857346,21,18,pop:sample:151
0,15,40,0.275903889381,8,3.85,2.04,0.32,1.49,281,0.296705005012,RETURNED,0.473239990741,0.446153857346,21,18,pop:sample:163
0,15,40,0.237176930028,9,0.7,0.23,0.33,0.14,282,0.244401256422,RETURNED,0.473239990741,0.446153857346,21,18,pop:sample:196
0,15,40,0.242338483831,10,2.94,2.42,0.32,0.19,282,0.25195673163,RETURNED,0.473239990741,0.446153857346,21,18,pop:sample:208
0,15,40,0.221275449704,11,0.98,0.5,0.33,0.15,301,0.226267251595,RETURNED,0.473239990741,0.446153857346,21,18,pop:sample:234
0,15,40,0.216320113313,12,0.69,0.19,0.32,0.18,270,0.216320113313,RETURNED,0.473239990741,0.446153857346,21,18,pop:sample:249
0,15,40,0.205870568857,13,1.51,0.2,0.33,0.98,303,0.209766431509,RETURNED,0.473239990741,0.446153857346,21,18,pop:sample:257
0,15,40,0.194528343173,14,3.19,0.18,0.33,2.67,296,0.195675753265,RETURNED,0.473239990741,0.446153857346,21,18,pop:sample:280
0,15,40,0.18717750897,15,2.12,1.63,0.33,0.16,287,0.193550488881,RETURNED,0.473239990741,0.446153857346,21,18,pop:sample:307
0,15,40,0.182145827615,16,2.28,0.23,0.33,1.71,288,0.182145827615,RETURNED,0.473239990741,0.446153857346,21,18,pop:sample:326
0,15,40,0.172499914678,17,0.84,0.27,0.35,0.23,288,0.174647395877,RETURNED,0.473239990741,0.446153857346,21,18,pop:sample:353
0,15,40,0.172264908832,18,1.1,0.45,0.37,0.28,273,0.172714846916,RETURNED,0.473239990741,0.446153857346,21,18,pop:sample:367
0,15,40,0.170537994146,19,3.36,1.31,0.33,1.72,287,0.173430134553,RETURNED,0.473239990741,0.446153857346,21,18,pop:sample:385
0,15,40,0.158098308271,20,0.87,0.32,0.33,0.23,285,0.159091153332,RETURNED,0.473239990741,0.446153857346,21,18,pop:sample:420
0,15,40,0.154454350362,21,1.97,1.32,0.32,0.33,270,0.157105574856,RETURNED,0.473239990741,0.446153857346,21,18,pop:sample:432
0,15,40,0.150860918671,22,2.35,0.28,0.33,1.74,283,0.151092546987,RETURNED,0.473239990741,0.446153857346,21,18,pop:sample:458
0,15,40,0.144447721798,23,3.08,2.44,0.33,0.31,299,0.144447721798,RETURNED,0.473239990741,0.446153857346,21,18,pop:sample:476
0,15,40,0.131013787384,24,2.57,2.1,0.32,0.16,272,0.13570109799,RETURNED,0.473239990741,0.446153857346,21,18,pop:sample:504
0,15,40,0.128710159982,25,1.0,0.3,0.32,0.38,282,0.128710159982,RETURNED,0.473239990741,0.446153857346,21,18,pop:sample:532
0,15,40,0.127536162946,26,0.82,0.31,0.33,0.18,274,0.128710159982,RETURNED,0.473239990741,0.446153857346,21,18,pop:sample:549
0,15,40,0.128565588329,27,1.89,1.42,0.32,0.15,270,0.129331643022,RETURNED,0.473239990741,0.446153857346,21,18,pop:sample:557
0,15,40,0.123834726966,28,1.79,0.19,0.32,1.28,278,0.125830035943,RETURNED,0.473239990741,0.446153857346,21,18,pop:sample:576
0,15,40,0.11948120647,29,1.9,0.19,0.32,1.38,281,0.11948120647,RETURNED,0.473239990741,0.446153857346,21,18,pop:sample:600
0,15,40,0.117653449422,30,0.68,0.19,0.33,0.16,290,0.11948120647,RETURNED,0.473239990741,0.446153857346,21,18,pop:sample:623
0,15,40,0.114988659832,31,1.72,0.34,0.33,1.06,289,0.114988659832,RETURNED,0.473239990741,0.446153857346,21,18,pop:sample:631
0,15,40,0.111544083517,32,1.47,0.95,0.33,0.19,291,0.11433831448,RETURNED,0.473239990741,0.446153857346,21,18,pop:sample:646
0,15,40,0.110423815869,33,1.65,1.15,0.32,0.19,258,0.11092514761,RETURNED,0.473239990741,0.446153857346,21,18,pop:sample:661
0,15,40,0.108205275574,34,1.21,0.68,0.33,0.2,296,0.10913192501,RETURNED,0.473239990741,0.446153857346,21,18,pop:sample:678
0,15,40,0.106078849177,35,0.72,0.24,0.33,0.16,289,0.107030601986,RETURNED,0.473239990741,0.446153857346,21,18,pop:sample:691
0,15,40,0.10812178683,36,0.79,0.31,0.33,0.15,292,0.108562171155,RETURNED,0.473239990741,0.446153857346,21,18,pop:sample:698
0,15,40,0.104529154118,37,0.67,0.22,0.32,0.13,283,0.104529154118,RETURNED,0.473239990741,0.446153857346,21,18,pop:sample:707
0,15,40,0.100299700392,38,0.72,0.25,0.32,0.15,289,0.102676150299,RETURNED,0.473239990741,0.446153857346,21,18,pop:sample:713
0,15,40,0.10389543836,39,1.6,0.7,0.32,0.58,292,0.10389543836,RETURNED,0.473239990741,0.446153857346,21,18,pop:sample:719
0,15,40,0.100299700392,40,0.71,0.23,0.32,0.16,291,0.100730032471,RETURNED,0.473239990741,0.446153857346,21,18,pop:sample:734
0,15,40,0.0980359650689,41,0.66,0.19,0.33,0.15,289,0.0980359650689,RETURNED,0.473239990741,0.446153857346,21,18,pop:sample:741
0,15,40,0.0933505404327,42,0.96,0.35,0.33,0.28,299,0.0980359650689,RETURNED,0.473239990741,0.446153857346,21,18,pop:sample:748
0,15,40,0.0919388675145,43,0.92,0.43,0.32,0.17,275,0.0933505404327,RETURNED,0.473239990741,0.446153857346,21,18,pop:sample:754
0,15,40,0.0974980209021,44,0.64,0.18,0.33,0.13,298,0.0981316143078,RETURNED,0.473239990741,0.446153857346,21,18,pop:sample:760
0,15,40,0.0933505404327,45,0.6,0.15,0.32,0.13,289,0.0933505404327,RETURNED,0.473239990741,0.446153857346,21,18,pop:sample:766
0,15,40,0.0917021616274,46,0.68,0.18,0.32,0.18,272,0.0919388675145,RETURNED,0.473239990741,0.446153857346,21,18,pop:sample:770
0,15,40,0.0919388675145,47,1.04,0.58,0.32,0.14,295,0.0919388675145,RETURNED,0.473239990741,0.446153857346,21,18,pop:sample:775
0,15,40,0.0892263280151,48,0.81,0.32,0.33,0.16,293,0.0892263280151,RETURNED,0.473239990741,0.446153857346,21,18,pop:sample:781
0,15,40,0.0892263280151,49,0.95,0.27,0.32,0.36,287,0.0892263280151,RETURNED,0.473239990741,0.446153857346,21,18,pop:sample:786
