0,43.79,2.16
0,0,40,631.607739374,0,0.5,0.27,0.04,0.19,151,638.125079703,RETURNED,0.469029478672,0.46029730127,16,13,pop:sample:4
0,0,40,552.758485586,1,0.34,0.12,0.04,0.17,160,554.097704158,RETURNED,0.469029478672,0.46029730127,16,13,pop:sample:9
0,0,40,0.72506744105,2,0.72,0.15,0.17,0.4,184,0.828550434414,RETURNED,0.469029478672,0.46029730127,16,13,pop:sample:21
0,0,40,0.545601296614,3,0.55,0.16,0.18,0.21,161,0.587273596302,RETURNED,0.469029478672,0.46029730127,16,13,pop:sample:40
0,0,40,0.46846316895,4,1.21,0.35,0.19,0.67,162,0.494677443342,RETURNED,0.469029478672,0.46029730127,16,13,pop:sample:52
0,0,40,0.405458101527,5,1.12,0.78,0.19,0.15,168,0.413371060497,RETURNED,0.469029478672,0.46029730127,16,13,pop:sample:74
0,0,40,0.372346212695,6,0.47,0.15,0.19,0.14,178,0.38433432917,RETURNED,0.469029478672,0.46029730127,16,13,pop:sample:88
0,0,40,0.383855991304,7,0.9,0.53,0.18,0.19,159,0.393876027788,RETURNED,0.469029478672,0.46029730127,16,13,pop:sample:100
0,0,40,0.346898184344,8,1.07,0.13,0.18,0.75,160,0.346898184344,RETURNED,0.469029478672,0.46029730127,16,13,pop:sample:116
0,0,40,0.320964255571,9,0.45,0.14,0.17,0.13,150,0.320964255571,RETURNED,0.469029478672,0.46029730127,16,13,pop:sample:140
0,0,40,0.29843418592,10,1.53,1.03,0.18,0.31,152,0.29843418592,RETURNED,0.469029478672,0.46029730127,16,13,pop:sample:143
0,0,40,0.285635804339,11,0.54,0.21,0.18,0.15,154,0.295222127658,RETURNED,0.469029478672,0.46029730127,16,13,pop:sample:160
0,0,40,0.278083564915,12,0.52,0.2,0.18,0.14,161,0.284637969522,RETURNED,0.469029478672,0.46029730127,16,13,pop:sample:172
0,0,40,0.274150153695,13,0.77,0.21,0.19,0.37,168,0.278083564915,RETURNED,0.469029478672,0.46029730127,16,13,pop:sample:182
0,0,40,0.258649445568,14,0.51,0.17,0.18,0.16,166,0.262458031079,RETURNED,0.469029478672,0.46029730127,16,13,pop:sample:200
0,0,40,0.241356828152,15,1.59,0.76,0.18,0.65,175,0.250010830126,RETURNED,0.469029478672,0.46029730127,16,13,pop:sample:211
0,0,40,0.228850513205,16,0.46,0.15,0.19,0.12,175,0.228850513205,RETURNED,0.469029478672,0.46029730127,16,13,pop:sample:233
0,0,40,0.227941850997,17,0.52,0.19,0.19,0.15,158,0.228850513205,RETURNED,0.469029478672,0.46029730127,16,13,pop:sample:243
0,0,40,0.226223460685,18,1.04,0.17,0.18,0.69,158,0.226223460685,RETURNED,0.469029478672,0.46029730127,16,13,pop:sample:252
0,0,40,0.213244727033,19,0.99,0.44,0.18,0.37,155,0.213244727033,RETURNED,0.469029478672,0.46029730127,16,13,pop:sample:267
0,1,40,418.746838889,0,0.46,0.25,0.05,0.16,218,508.338824286,RETURNED,0.779014941464,0.990941855366,17,12,pop:sample:1
0,1,40,330.394146789,1,0.37,0.16,0.05,0.16,217,371.028491043,RETURNED,0.779014941464,0.990941855366,17,12,pop:sample:7
0,1,40,262.491922448,2,0.34,0.15,0.05,0.15,219,313.475503415,RETURNED,0.779014941464,0.990941855366,17,12,pop:sample:18
0,1,40,0.5394563766,3,0.55,0.23,0.19,0.12,217,0.558504573711,RETURNED,0.779014941464,0.990941855366,17,12,pop:sample:31
0,1,40,0.506919916701,4,0.63,0.27,0.21,0.15,218,0.590917358605,RETURNED,0.779014941464,0.990941855366,17,12,pop:sample:46
0,1,40,0.485404795752,5,0.51,0.17,0.22,0.12,218,0.491866546421,RETURNED,0.779014941464,0.990941855366,17,12,pop:sample:58
0,1,40,0.468365639011,6,1.38,0.41,0.25,0.71,219,0.496713192484,RETURNED,0.779014941464,0.990941855366,17,12,pop:sample:68
0,1,40,0.453838108787,7,0.6,0.25,0.21,0.14,214,0.45674945907,RETURNED,0.779014941464,0.990941855366,17,12,pop:sample:84
0,1,40,0.375452507121,8,0.66,0.17,0.21,0.28,218,0.385901972719,RETURNED,0.779014941464,0.990941855366,17,12,pop:sample:99
0,1,40,0.394302037738,9,0.62,0.19,0.22,0.22,217,0.380046046151,RETURNED,0.779014941464,0.990941855366,17,12,pop:sample:112
0,1,40,0.339520251676,10,0.61,0.26,0.21,0.13,217,0.31527501356,RETURNED,0.779014941464,0.990941855366,17,12,pop:sample:125
0,1,40,0.376785387478,11,1.23,0.17,0.21,0.85,221,0.354525894798,RETURNED,0.779014941464,0.990941855366,17,12,pop:sample:138
0,1,40,0.316796929378,12,1.04,0.37,0.21,0.46,216,0.320964255571,RETURNED,0.779014941464,0.990941855366,17,12,pop:sample:147
0,1,40,0.283651789368,13,0.63,0.28,0.21,0.14,215,0.277877644803,RETURNED,0.779014941464,0.990941855366,17,12,pop:sample:166
0,1,40,0.278142104663,14,0.53,0.19,0.21,0.13,215,0.277877644803,RETURNED,0.779014941464,0.990941855366,17,12,pop:sample:180
0,1,40,0.274337837059,15,0.52,0.19,0.22,0.12,218,0.281973442944,RETURNED,0.779014941464,0.990941855366,17,12,pop:sample:194
0,1,40,0.273143549425,16,1.13,0.29,0.21,0.62,219,0.257904653644,RETURNED,0.779014941464,0.990941855366,17,12,pop:sample:206
0,1,40,0.291425124814,17,0.51,0.15,0.21,0.15,216,0.27071950215,RETURNED,0.779014941464,0.990941855366,17,12,pop:sample:224
0,1,40,0.268894241907,18,0.77,0.41,0.21,0.14,218,0.265227530927,RETURNED,0.779014941464,0.990941855366,17,12,pop:sample:231
0,1,40,0.256854659012,19,0.81,0.42,0.23,0.17,216,0.242505137012,RETURNED,0.779014941464,0.990941855366,17,12,pop:sample:244
0,2,40,559.371383302,0,0.44,0.26,0.07,0.11,322,585.807158711,RETURNED,0.94539550655,0.66612948861,13,24,pop:sample:3
0,2,40,312.796321343,1,0.27,0.11,0.08,0.08,321,418.687667113,RETURNED,0.94539550655,0.66612948861,13,24,pop:sample:6
0,2,40,310.360062437,2,0.31,0.16,0.07,0.08,323,312.906748581,RETURNED,0.94539550655,0.66612948861,13,24,pop:sample:15
0,2,40,0.622337466788,3,0.85,0.27,0.32,0.27,313,0.747318511327,RETURNED,0.94539550655,0.66612948861,13,24,pop:sample:29
0,2,40,0.621087143045,4,0.83,0.24,0.33,0.26,313,0.547619371609,RETURNED,0.94539550655,0.66612948861,13,24,pop:sample:49
0,2,40,0.607066513957,5,1.1,0.61,0.37,0.12,320,0.517195726787,RETURNED,0.94539550655,0.66612948861,13,24,pop:sample:66
0,2,40,0.559661496877,6,0.98,0.51,0.36,0.12,318,0.455247665235,RETURNED,0.94539550655,0.66612948861,13,24,pop:sample:81
0,2,40,0.484745029214,7,0.64,0.12,0.36,0.16,317,0.411923982515,RETURNED,0.94539550655,0.66612948861,13,24,pop:sample:97
0,2,40,0.524471604473,8,0.66,0.13,0.35,0.18,321,0.407488809064,RETURNED,0.94539550655,0.66612948861,13,24,pop:sample:107
0,2,40,0.507673490166,9,1.62,0.52,0.34,0.77,316,0.350144733234,RETURNED,0.94539550655,0.66612948861,13,24,pop:sample:121
0,2,40,0.498141678886,10,1.31,0.72,0.34,0.25,319,0.327594789569,RETURNED,0.94539550655,0.66612948861,13,24,pop:sample:145
0,2,40,0.520910617798,11,0.62,0.18,0.34,0.11,318,0.33836529211,RETURNED,0.94539550655,0.66612948861,13,24,pop:sample:163
0,2,40,0.459333549721,12,0.6,0.17,0.33,0.1,320,0.290412637524,RETURNED,0.94539550655,0.66612948861,13,24,pop:sample:178
0,2,40,0.466762252153,13,1.14,0.47,0.34,0.33,317,0.277877644803,RETURNED,0.94539550655,0.66612948861,13,24,pop:sample:189
0,2,40,0.447192657032,14,0.7,0.22,0.35,0.13,316,0.301256549419,RETURNED,0.94539550655,0.66612948861,13,24,pop:sample:213
0,2,40,0.468870752391,15,1.0,0.57,0.33,0.09,317,0.277695310022,RETURNED,0.94539550655,0.66612948861,13,24,pop:sample:225
0,2,40,0.415822557198,16,0.68,0.23,0.33,0.11,315,0.234000403454,RETURNED,0.94539550655,0.66612948861,13,24,pop:sample:239
0,2,40,0.446371736142,17,1.07,0.61,0.33,0.13,318,0.227941850997,RETURNED,0.94539550655,0.66612948861,13,24,pop:sample:251
0,2,40,0.44481294601,18,0.75,0.12,0.36,0.27,317,0.244986076133,RETURNED,0.94539550655,0.66612948861,13,24,pop:sample:266
0,2,40,0.460048280437,19,0.76,0.28,0.34,0.14,321,0.206339622475,RETURNED,0.94539550655,0.66612948861,13,24,pop:sample:272
0,3,40,612.66712739,0,0.39,0.27,0.02,0.1,88,627.729262371,RETURNED,0.249365328448,0.58397754569,20,5,pop:sample:2
0,3,40,368.525532007,1,0.37,0.2,0.02,0.16,84,374.559711922,RETURNED,0.249365328448,0.58397754569,20,5,pop:sample:5
0,3,40,0.636068690581,2,0.57,0.23,0.05,0.29,97,0.652222222215,RETURNED,0.249365328448,0.58397754569,20,5,pop:sample:17
0,3,40,0.571300494962,3,0.58,0.2,0.07,0.31,87,0.615576943821,RETURNED,0.249365328448,0.58397754569,20,5,pop:sample:35
0,3,40,0.510344625657,4,0.9,0.59,0.08,0.23,94,0.557720380684,RETURNED,0.249365328448,0.58397754569,20,5,pop:sample:50
0,3,40,0.473009482069,5,0.74,0.45,0.09,0.2,81,0.499092030073,RETURNED,0.249365328448,0.58397754569,20,5,pop:sample:67
0,3,40,0.410643117189,6,1.09,0.86,0.09,0.14,96,0.414342827506,RETURNED,0.249365328448,0.58397754569,20,5,pop:sample:76
0,3,40,0.371125426691,7,0.44,0.21,0.08,0.15,88,0.413538934095,RETURNED,0.249365328448,0.58397754569,20,5,pop:sample:96
0,3,40,0.351310649133,8,0.79,0.26,0.09,0.44,96,0.351310649133,RETURNED,0.249365328448,0.58397754569,20,5,pop:sample:103
0,3,40,0.318756082224,9,0.51,0.25,0.08,0.17,81,0.329736015231,RETURNED,0.249365328448,0.58397754569,20,5,pop:sample:118
0,3,40,0.319729824231,10,2.13,1.73,0.08,0.32,93,0.323345745452,RETURNED,0.249365328448,0.58397754569,20,5,pop:sample:128
0,3,40,0.305238552019,11,0.68,0.35,0.09,0.23,103,0.308782740951,RETURNED,0.249365328448,0.58397754569,20,5,pop:sample:153
0,3,40,0.277877644803,12,0.92,0.66,0.09,0.17,82,0.277877644803,RETURNED,0.249365328448,0.58397754569,20,5,pop:sample:170
0,3,40,0.267395251278,13,0.57,0.3,0.08,0.19,75,0.267395251278,RETURNED,0.249365328448,0.58397754569,20,5,pop:sample:190
0,3,40,0.250010830126,14,0.56,0.33,0.08,0.15,88,0.264096395088,RETURNED,0.249365328448,0.58397754569,20,5,pop:sample:202
0,3,40,0.253470509706,15,1.24,0.35,0.09,0.81,89,0.253470509706,RETURNED,0.249365328448,0.58397754569,20,5,pop:sample:215
0,3,40,0.233112137585,16,0.48,0.19,0.08,0.2,92,0.234486584396,RETURNED,0.249365328448,0.58397754569,20,5,pop:sample:232
0,3,40,0.220528896428,17,0.48,0.23,0.08,0.18,79,0.226223460685,RETURNED,0.249365328448,0.58397754569,20,5,pop:sample:240
0,3,40,0.209412908374,18,0.7,0.41,0.09,0.2,91,0.213095909017,RETURNED,0.249365328448,0.58397754569,20,5,pop:sample:249
0,3,40,0.206267286496,19,1.13,0.76,0.09,0.28,88,0.209412908374,RETURNED,0.249365328448,0.58397754569,20,5,pop:sample:259
0,4,40,356.494298807,0,0.23,0.13,0.02,0.08,103,357.13883001,RETURNED,0.830864614187,0.67212082734,13,7,pop:sample:8
0,4,40,355.939022123,1,0.23,0.11,0.02,0.1,102,356.471835406,RETURNED,0.830864614187,0.67212082734,13,7,pop:sample:16
0,4,40,0.662107712839,2,0.44,0.1,0.08,0.26,94,0.717782361311,RETURNED,0.830864614187,0.67212082734,13,7,pop:sample:27
0,4,40,0.570626121448,3,0.73,0.5,0.1,0.13,98,0.588936333293,RETURNED,0.830864614187,0.67212082734,13,7,pop:sample:37
0,4,40,0.497457225383,4,0.45,0.12,0.09,0.24,99,0.527583288937,RETURNED,0.830864614187,0.67212082734,13,7,pop:sample:53
0,4,40,0.499852249184,5,0.47,0.11,0.1,0.26,99,0.497463545715,RETURNED,0.830864614187,0.67212082734,13,7,pop:sample:61
0,4,40,0.477397857682,6,0.46,0.24,0.1,0.11,100,0.451927969226,RETURNED,0.830864614187,0.67212082734,13,7,pop:sample:69
0,4,40,0.402059708722,7,0.34,0.11,0.1,0.13,96,0.411664581326,RETURNED,0.830864614187,0.67212082734,13,7,pop:sample:77
0,4,40,0.491833440096,8,0.87,0.63,0.1,0.14,99,0.509830173062,RETURNED,0.830864614187,0.67212082734,13,7,pop:sample:82
0,4,40,0.366501396037,9,0.66,0.45,0.1,0.11,100,0.396346033861,RETURNED,0.830864614187,0.67212082734,13,7,pop:sample:98
0,4,40,0.356053150392,10,0.58,0.31,0.1,0.17,97,0.393876027788,RETURNED,0.830864614187,0.67212082734,13,7,pop:sample:110
0,4,40,0.352444000374,11,0.48,0.26,0.1,0.12,96,0.36305349956,RETURNED,0.830864614187,0.67212082734,13,7,pop:sample:122
0,4,40,0.382221393509,12,1.69,0.87,0.1,0.71,101,0.358675642022,RETURNED,0.830864614187,0.67212082734,13,7,pop:sample:132
0,4,40,0.354174556731,13,0.48,0.27,0.1,0.11,97,0.312135013077,RETURNED,0.830864614187,0.67212082734,13,7,pop:sample:149
0,4,40,0.342432597771,14,0.48,0.14,0.09,0.25,98,0.296379156087,RETURNED,0.830864614187,0.67212082734,13,7,pop:sample:158
0,4,40,0.328408726163,15,0.52,0.13,0.1,0.3,95,0.307533325547,RETURNED,0.830864614187,0.67212082734,13,7,pop:sample:168
0,4,40,0.329879403998,16,0.42,0.21,0.1,0.12,103,0.31996345691,RETURNED,0.830864614187,0.67212082734,13,7,pop:sample:179
0,4,40,0.32666107199,17,0.38,0.14,0.1,0.14,98,0.30149266277,RETURNED,0.830864614187,0.67212082734,13,7,pop:sample:188
0,4,40,0.353920806393,18,0.59,0.11,0.1,0.37,101,0.276224364891,RETURNED,0.830864614187,0.67212082734,13,7,pop:sample:198
0,4,40,0.314719911135,19,0.41,0.16,0.1,0.15,98,0.2729157021,RETURNED,0.830864614187,0.67212082734,13,7,pop:sample:207
0,5,40,415.981030355,0,0.37,0.19,0.03,0.15,133,416.680231268,RETURNED,0.856717549105,0.228266754044,18,7,pop:sample:13
0,5,40,0.66090498507,1,0.51,0.17,0.12,0.23,131,0.746112357523,RETURNED,0.856717549105,0.228266754044,18,7,pop:sample:24
0,5,40,0.633669007755,2,0.45,0.18,0.12,0.15,126,0.669430977286,RETURNED,0.856717549105,0.228266754044,18,7,pop:sample:36
0,5,40,0.570210965276,3,0.77,0.32,0.13,0.32,124,0.587428049835,RETURNED,0.856717549105,0.228266754044,18,7,pop:sample:48
0,5,40,0.501248626622,4,1.13,0.76,0.15,0.22,129,0.501163066971,RETURNED,0.856717549105,0.228266754044,18,7,pop:sample:65
0,5,40,0.492980317286,5,0.68,0.31,0.13,0.23,132,0.48619283739,RETURNED,0.856717549105,0.228266754044,18,7,pop:sample:79
0,5,40,0.457646636104,6,0.96,0.6,0.14,0.22,131,0.413766866075,RETURNED,0.856717549105,0.228266754044,18,7,pop:sample:90
0,5,40,0.420349137359,7,0.62,0.24,0.14,0.24,134,0.372004937037,RETURNED,0.856717549105,0.228266754044,18,7,pop:sample:108
0,5,40,0.387222670129,8,0.45,0.17,0.14,0.14,132,0.36078032042,RETURNED,0.856717549105,0.228266754044,18,7,pop:sample:120
0,5,40,0.384083047914,9,2.08,1.77,0.13,0.18,126,0.346790436806,RETURNED,0.856717549105,0.228266754044,18,7,pop:sample:130
0,5,40,0.347304804485,10,0.51,0.22,0.13,0.16,122,0.308505890245,RETURNED,0.856717549105,0.228266754044,18,7,pop:sample:152
0,5,40,0.313417048749,11,0.95,0.36,0.13,0.46,129,0.305238552019,RETURNED,0.856717549105,0.228266754044,18,7,pop:sample:165
0,5,40,0.308450097996,12,0.65,0.31,0.13,0.21,130,0.292638615675,RETURNED,0.856717549105,0.228266754044,18,7,pop:sample:184
0,5,40,0.312099811282,13,0.51,0.16,0.13,0.22,132,0.292638615675,RETURNED,0.856717549105,0.228266754044,18,7,pop:sample:199
0,5,40,0.336737232877,14,0.64,0.32,0.14,0.18,131,0.265227530927,RETURNED,0.856717549105,0.228266754044,18,7,pop:sample:210
0,5,40,0.276102975089,15,1.17,0.83,0.13,0.21,133,0.253378447521,RETURNED,0.856717549105,0.228266754044,18,7,pop:sample:221
0,5,40,0.277952352544,16,0.5,0.17,0.14,0.19,127,0.233112137585,RETURNED,0.856717549105,0.228266754044,18,7,pop:sample:237
0,5,40,0.284613609166,17,0.44,0.18,0.14,0.12,141,0.233112137585,RETURNED,0.856717549105,0.228266754044,18,7,pop:sample:247
0,5,40,0.256403296149,18,0.49,0.19,0.14,0.16,130,0.214433795873,RETURNED,0.856717549105,0.228266754044,18,7,pop:sample:254
0,5,40,0.241310614835,19,0.54,0.15,0.13,0.25,129,0.212039356423,RETURNED,0.856717549105,0.228266754044,18,7,pop:sample:262
0,6,40,330.55370644,0,0.43,0.24,0.05,0.14,272,418.87444959,RETURNED,0.132857340185,0.930989575698,17,17,pop:sample:14
0,6,40,0.688169226059,1,0.71,0.17,0.17,0.38,269,0.75286824938,RETURNED,0.132857340185,0.930989575698,17,17,pop:sample:26
0,6,40,0.498218620569,2,0.52,0.18,0.21,0.12,281,0.578490646098,RETURNED,0.132857340185,0.930989575698,17,17,pop:sample:44
0,6,40,0.464456862968,3,1.22,0.44,0.23,0.55,279,0.498218620569,RETURNED,0.132857340185,0.930989575698,17,17,pop:sample:55
0,6,40,0.434299023093,4,1.0,0.25,0.23,0.52,273,0.462622188438,RETURNED,0.132857340185,0.930989575698,17,17,pop:sample:75
0,6,40,0.393876027788,5,0.56,0.19,0.24,0.13,282,0.393876027788,RETURNED,0.132857340185,0.930989575698,17,17,pop:sample:87
0,6,40,0.366077836965,6,0.91,0.47,0.24,0.2,279,0.387264837328,RETURNED,0.132857340185,0.930989575698,17,17,pop:sample:102
0,6,40,0.348496563565,7,0.78,0.3,0.22,0.25,273,0.348496563565,RETURNED,0.132857340185,0.930989575698,17,17,pop:sample:117
0,6,40,0.308782740951,8,1.99,1.51,0.23,0.25,277,0.321948684594,RETURNED,0.132857340185,0.930989575698,17,17,pop:sample:136
0,6,40,0.290412637524,9,0.89,0.49,0.23,0.17,280,0.307299421161,RETURNED,0.132857340185,0.930989575698,17,17,pop:sample:156
0,6,40,0.267395251278,10,0.59,0.18,0.23,0.18,275,0.284680989986,RETURNED,0.132857340185,0.930989575698,17,17,pop:sample:177
0,6,40,0.265227530927,11,1.2,0.54,0.23,0.43,275,0.277877644803,RETURNED,0.132857340185,0.930989575698,17,17,pop:sample:187
0,6,40,0.244663957437,12,0.74,0.3,0.24,0.19,279,0.249483771103,RETURNED,0.132857340185,0.930989575698,17,17,pop:sample:214
0,6,40,0.242838296577,13,0.77,0.15,0.23,0.39,273,0.256842861257,RETURNED,0.132857340185,0.930989575698,17,17,pop:sample:226
0,6,40,0.233411659053,14,1.27,0.81,0.23,0.22,274,0.239793655526,RETURNED,0.132857340185,0.930989575698,17,17,pop:sample:236
0,6,40,0.224346905206,15,1.35,0.81,0.24,0.31,267,0.224478106977,RETURNED,0.132857340185,0.930989575698,17,17,pop:sample:258
0,6,40,0.204380591178,16,0.8,0.37,0.24,0.18,272,0.209412908374,RETURNED,0.132857340185,0.930989575698,17,17,pop:sample:271
0,6,40,0.200686131742,17,0.55,0.16,0.23,0.16,271,0.202798273401,RETURNED,0.132857340185,0.930989575698,17,17,pop:sample:280
0,6,40,0.191255274123,18,0.55,0.18,0.23,0.15,278,0.198225239872,RETURNED,0.132857340185,0.930989575698,17,17,pop:sample:286
0,6,40,0.185006053459,19,0.78,0.36,0.23,0.19,284,0.186875875126,RETURNED,0.132857340185,0.930989575698,17,17,pop:sample:292
0,7,40,417.982142318,0,0.37,0.19,0.05,0.14,127,418.884740639,RETURNED,0.277647178725,0.183824538519,20,13,pop:sample:10
0,7,40,0.703125364799,1,0.72,0.18,0.16,0.38,128,0.77078184946,RETURNED,0.277647178725,0.183824538519,20,13,pop:sample:25
0,7,40,0.613792240481,2,0.97,0.24,0.19,0.54,131,0.639457698137,RETURNED,0.277647178725,0.183824538519,20,13,pop:sample:43
0,7,40,0.506837914812,3,1.9,0.78,0.24,0.88,127,0.514113312171,RETURNED,0.277647178725,0.183824538519,20,13,pop:sample:60
0,7,40,0.385901972719,4,1.02,0.67,0.19,0.16,109,0.385901972719,RETURNED,0.277647178725,0.183824538519,20,13,pop:sample:89
0,7,40,0.356126509857,5,1.07,0.2,0.19,0.68,109,0.371125426691,RETURNED,0.277647178725,0.183824538519,20,13,pop:sample:109
0,7,40,0.312003640408,6,2.12,1.72,0.2,0.2,136,0.338525731501,RETURNED,0.277647178725,0.183824538519,20,13,pop:sample:131
0,7,40,0.29843418592,7,0.68,0.32,0.19,0.17,131,0.29843418592,RETURNED,0.277647178725,0.183824538519,20,13,pop:sample:155
0,7,40,0.292638615675,8,0.75,0.32,0.21,0.23,121,0.293508996734,RETURNED,0.277647178725,0.183824538519,20,13,pop:sample:171
0,7,40,0.277877644803,9,0.78,0.42,0.2,0.17,109,0.277877644803,RETURNED,0.277647178725,0.183824538519,20,13,pop:sample:186
0,7,40,0.264096395088,10,0.71,0.33,0.19,0.19,116,0.264096395088,RETURNED,0.277647178725,0.183824538519,20,13,pop:sample:204
0,7,40,0.251306835151,11,1.21,0.35,0.2,0.66,131,0.251306835151,RETURNED,0.277647178725,0.183824538519,20,13,pop:sample:218
0,7,40,0.244380596956,12,1.25,0.89,0.19,0.17,117,0.244663957437,RETURNED,0.277647178725,0.183824538519,20,13,pop:sample:234
0,7,40,0.233411659053,13,1.38,0.92,0.2,0.26,113,0.233411659053,RETURNED,0.277647178725,0.183824538519,20,13,pop:sample:257
0,7,40,0.205981735983,14,0.67,0.32,0.19,0.16,119,0.206339622475,RETURNED,0.277647178725,0.183824538519,20,13,pop:sample:270
0,7,40,0.198225239872,15,0.7,0.2,0.2,0.3,128,0.199323183341,RETURNED,0.277647178725,0.183824538519,20,13,pop:sample:278
0,7,40,0.185746877304,16,0.6,0.22,0.19,0.19,132,0.190007228173,RETURNED,0.277647178725,0.183824538519,20,13,pop:sample:284
0,7,40,0.191255274123,17,0.59,0.19,0.19,0.21,121,0.191255274123,RETURNED,0.277647178725,0.183824538519,20,13,pop:sample:290
0,7,40,0.185746877304,18,0.78,0.19,0.2,0.39,133,0.185746877304,RETURNED,0.277647178725,0.183824538519,20,13,pop:sample:297
0,7,40,0.173400841104,19,1.23,0.66,0.2,0.38,137,0.184645372943,RETURNED,0.277647178725,0.183824538519,20,13,pop:sample:302
0,8,40,418.466299834,0,0.48,0.25,0.1,0.13,80,418.882829093,RETURNED,0.0143906306519,0.102222112304,23,29,pop:sample:11
0,8,40,0.732132541523,1,0.79,0.26,0.23,0.29,101,0.738456013979,RETURNED,0.0143906306519,0.102222112304,23,29,pop:sample:28
0,8,40,0.540066417764,2,0.81,0.22,0.42,0.17,105,0.561280781632,RETURNED,0.0143906306519,0.102222112304,23,29,pop:sample:47
0,8,40,0.466729717715,3,1.92,0.77,0.45,0.7,93,0.490541971635,RETURNED,0.0143906306519,0.102222112304,23,29,pop:sample:62
0,8,40,0.380277751172,4,1.64,0.71,0.41,0.52,105,0.402360991254,RETURNED,0.0143906306519,0.102222112304,23,29,pop:sample:92
0,8,40,0.32618551324,5,0.86,0.31,0.4,0.15,75,0.32618551324,RETURNED,0.0143906306519,0.102222112304,23,29,pop:sample:124
0,8,40,0.321948684594,6,1.54,0.27,0.4,0.87,107,0.321948684594,RETURNED,0.0143906306519,0.102222112304,23,29,pop:sample:141
0,8,40,0.308505890245,7,0.93,0.3,0.4,0.23,91,0.308505890245,RETURNED,0.0143906306519,0.102222112304,23,29,pop:sample:151
0,8,40,0.290412637524,8,0.97,0.3,0.4,0.28,78,0.290412637524,RETURNED,0.0143906306519,0.102222112304,23,29,pop:sample:174
0,8,40,0.264336480523,9,0.96,0.33,0.4,0.23,89,0.267521417931,RETURNED,0.0143906306519,0.102222112304,23,29,pop:sample:195
0,8,40,0.24694391629,10,1.8,1.18,0.43,0.19,95,0.24694391629,RETURNED,0.0143906306519,0.102222112304,23,29,pop:sample:217
0,8,40,0.226100687197,11,1.18,0.62,0.4,0.16,87,0.228850513205,RETURNED,0.0143906306519,0.102222112304,23,29,pop:sample:242
0,8,40,0.212849510252,12,1.52,0.75,0.44,0.33,103,0.212849510252,RETURNED,0.0143906306519,0.102222112304,23,29,pop:sample:261
0,8,40,0.212849510252,13,0.98,0.22,0.42,0.34,109,0.212849510252,RETURNED,0.0143906306519,0.102222112304,23,29,pop:sample:277
0,8,40,0.197214241866,14,0.99,0.4,0.41,0.17,121,0.197214241866,RETURNED,0.0143906306519,0.102222112304,23,29,pop:sample:287
0,8,40,0.183072298752,15,1.12,0.22,0.43,0.47,110,0.183444278789,RETURNED,0.0143906306519,0.102222112304,23,29,pop:sample:295
0,8,40,0.176135996321,16,1.07,0.21,0.4,0.46,119,0.176221365637,RETURNED,0.0143906306519,0.102222112304,23,29,pop:sample:305
0,8,40,0.172449167893,17,0.85,0.19,0.4,0.26,106,0.172977987884,RETURNED,0.0143906306519,0.102222112304,23,29,pop:sample:312
0,8,40,0.173400841104,18,1.18,0.39,0.41,0.39,109,0.173400841104,RETURNED,0.0143906306519,0.102222112304,23,29,pop:sample:316
0,8,40,0.172449167893,19,1.15,0.44,0.4,0.31,81,0.172449167893,RETURNED,0.0143906306519,0.102222112304,23,29,pop:sample:319
0,9,40,414.865128789,0,0.56,0.3,0.11,0.16,417,418.571530923,RETURNED,0.754561815025,0.199153615198,17,30,pop:sample:12
0,9,40,0.576475330594,1,0.88,0.27,0.48,0.13,427,0.662464838748,RETURNED,0.754561815025,0.199153615198,17,30,pop:sample:30
0,9,40,0.509776465106,2,1.15,0.47,0.52,0.16,439,0.543594202451,RETURNED,0.754561815025,0.199153615198,17,30,pop:sample:51
0,9,40,0.43339702241,3,1.12,0.2,0.54,0.38,429,0.464456862968,RETURNED,0.754561815025,0.199153615198,17,30,pop:sample:70
0,9,40,0.416586437232,4,0.89,0.27,0.5,0.13,424,0.445592058989,RETURNED,0.754561815025,0.199153615198,17,30,pop:sample:85
0,9,40,0.377168442125,5,1.38,0.27,0.5,0.61,434,0.380046046151,RETURNED,0.754561815025,0.199153615198,17,30,pop:sample:104
0,9,40,0.370478384365,6,2.52,1.62,0.48,0.42,416,0.342614794285,RETURNED,0.754561815025,0.199153615198,17,30,pop:sample:129
0,9,40,0.323539616592,7,1.26,0.27,0.48,0.51,418,0.29843418592,RETURNED,0.754561815025,0.199153615198,17,30,pop:sample:162
0,9,40,0.304066026822,8,1.25,0.52,0.51,0.21,427,0.277326130682,RETURNED,0.754561815025,0.199153615198,17,30,pop:sample:192
0,9,40,0.279818237989,9,0.8,0.18,0.51,0.11,422,0.250010830126,RETURNED,0.754561815025,0.199153615198,17,30,pop:sample:216
0,9,40,0.281315513949,10,0.78,0.17,0.48,0.13,421,0.250118422703,RETURNED,0.754561815025,0.199153615198,17,30,pop:sample:228
0,9,40,0.337872972394,11,0.86,0.17,0.5,0.19,436,0.242878956053,RETURNED,0.754561815025,0.199153615198,17,30,pop:sample:238
0,9,40,0.227640318312,12,0.81,0.2,0.49,0.12,418,0.226223460685,RETURNED,0.754561815025,0.199153615198,17,30,pop:sample:255
0,9,40,0.276662360658,13,1.07,0.2,0.51,0.36,411,0.233411659053,RETURNED,0.754561815025,0.199153615198,17,30,pop:sample:265
0,9,40,0.26513579424,14,0.84,0.2,0.52,0.12,430,0.206339622475,RETURNED,0.754561815025,0.199153615198,17,30,pop:sample:274
0,9,40,0.211034475554,15,1.35,0.5,0.49,0.37,433,0.197550346654,RETURNED,0.754561815025,0.199153615198,17,30,pop:sample:283
0,9,40,0.228209520193,16,0.83,0.17,0.5,0.16,418,0.197550346654,RETURNED,0.754561815025,0.199153615198,17,30,pop:sample:296
0,9,40,0.223236119917,17,1.21,0.35,0.48,0.39,418,0.185746877304,RETURNED,0.754561815025,0.199153615198,17,30,pop:sample:304
0,9,40,0.222125462365,18,0.81,0.15,0.5,0.16,433,0.173400841104,RETURNED,0.754561815025,0.199153615198,17,30,pop:sample:310
0,9,40,0.205198973501,19,0.84,0.16,0.5,0.17,422,0.184645372943,RETURNED,0.754561815025,0.199153615198,17,30,pop:sample:314
0,10,40,0.553718257196,0,2.12,1.53,0.2,0.39,241,0.587881204309,RETURNED,0.447694913066,0.98113961201,22,10,pop:sample:42
0,10,40,0.444845671086,1,1.73,0.74,0.23,0.76,239,0.504160122386,RETURNED,0.447694913066,0.98113961201,22,10,pop:sample:63
0,10,40,0.340661769294,2,1.15,0.72,0.2,0.23,242,0.382228761022,RETURNED,0.447694913066,0.98113961201,22,10,pop:sample:86
0,10,40,0.321858034572,3,0.72,0.2,0.21,0.31,240,0.344249139227,RETURNED,0.447694913066,0.98113961201,22,10,pop:sample:111
0,10,40,0.308505890245,4,2.47,1.84,0.21,0.42,241,0.321761029908,RETURNED,0.447694913066,0.98113961201,22,10,pop:sample:127
0,10,40,0.302818057982,5,0.76,0.37,0.21,0.18,241,0.311369552753,RETURNED,0.447694913066,0.98113961201,22,10,pop:sample:157
0,10,40,0.267776623294,6,1.01,0.58,0.2,0.23,240,0.279560713845,RETURNED,0.447694913066,0.98113961201,22,10,pop:sample:173
0,10,40,0.25930826772,7,0.73,0.3,0.21,0.23,242,0.271155166487,RETURNED,0.447694913066,0.98113961201,22,10,pop:sample:196
0,10,40,0.238905909912,8,0.68,0.24,0.21,0.23,241,0.258250820585,RETURNED,0.447694913066,0.98113961201,22,10,pop:sample:209
0,10,40,0.228847897155,9,0.97,0.28,0.2,0.49,239,0.241043930562,RETURNED,0.447694913066,0.98113961201,22,10,pop:sample:222
0,10,40,0.212849510252,10,0.95,0.26,0.2,0.49,237,0.229097101302,RETURNED,0.447694913066,0.98113961201,22,10,pop:sample:235
0,10,40,0.214275346169,11,1.56,0.97,0.22,0.37,240,0.230852889278,RETURNED,0.447694913066,0.98113961201,22,10,pop:sample:253
0,10,40,0.206267286496,12,0.72,0.28,0.21,0.23,239,0.206267286496,RETURNED,0.447694913066,0.98113961201,22,10,pop:sample:269
0,10,40,0.190007228173,13,0.96,0.29,0.22,0.45,242,0.197235903205,RETURNED,0.447694913066,0.98113961201,22,10,pop:sample:279
0,10,40,0.185391936022,14,0.59,0.19,0.2,0.2,240,0.190439065892,RETURNED,0.447694913066,0.98113961201,22,10,pop:sample:288
0,10,40,0.184645372943,15,1.07,0.6,0.21,0.26,238,0.185776843846,RETURNED,0.447694913066,0.98113961201,22,10,pop:sample:294
0,10,40,0.18398610491,16,1.23,0.33,0.2,0.69,240,0.184457480179,RETURNED,0.447694913066,0.98113961201,22,10,pop:sample:303
0,10,40,0.171901062497,17,0.58,0.22,0.21,0.16,242,0.174922896923,RETURNED,0.447694913066,0.98113961201,22,10,pop:sample:311
0,10,40,0.167162717717,18,0.65,0.23,0.21,0.21,241,0.172237235128,RETURNED,0.447694913066,0.98113961201,22,10,pop:sample:313
0,10,40,0.166081144033,19,0.79,0.22,0.21,0.36,239,0.169284450715,RETURNED,0.447694913066,0.98113961201,22,10,pop:sample:317
0,11,40,0.570047999554,0,2.11,1.24,0.38,0.5,368,0.640934837594,RETURNED,0.942074508466,0.334755741622,20,18,pop:sample:34
0,11,40,0.501809832551,1,1.88,0.76,0.46,0.67,369,0.519940374165,RETURNED,0.942074508466,0.334755741622,20,18,pop:sample:64
0,11,40,0.494944401281,2,1.48,0.61,0.39,0.48,364,0.393165099678,RETURNED,0.942074508466,0.334755741622,20,18,pop:sample:93
0,11,40,0.485036275373,3,0.81,0.27,0.38,0.15,370,0.3225146531,RETURNED,0.942074508466,0.334755741622,20,18,pop:sample:119
0,11,40,0.437949915588,4,2.28,1.49,0.39,0.41,370,0.342432485249,RETURNED,0.942074508466,0.334755741622,20,18,pop:sample:137
0,11,40,0.39774908221,5,0.94,0.34,0.39,0.21,372,0.306815451525,RETURNED,0.942074508466,0.334755741622,20,18,pop:sample:164
0,11,40,0.449200860793,6,0.8,0.3,0.38,0.13,366,0.29843418592,RETURNED,0.942074508466,0.334755741622,20,18,pop:sample:183
0,11,40,0.359237776188,7,1.37,0.81,0.4,0.15,362,0.270652848119,RETURNED,0.942074508466,0.334755741622,20,18,pop:sample:203
0,11,40,0.417176085567,8,1.27,0.72,0.39,0.16,372,0.239955205859,RETURNED,0.942074508466,0.334755741622,20,18,pop:sample:227
0,11,40,0.375709144654,9,1.27,0.2,0.39,0.68,373,0.244663957437,RETURNED,0.942074508466,0.334755741622,20,18,pop:sample:245
0,11,40,0.357855561228,10,1.09,0.23,0.4,0.45,363,0.239222386724,RETURNED,0.942074508466,0.334755741622,20,18,pop:sample:264
0,11,40,0.358211329384,11,0.78,0.17,0.41,0.2,364,0.210798759255,RETURNED,0.942074508466,0.334755741622,20,18,pop:sample:273
0,11,40,0.404704955534,12,0.9,0.32,0.39,0.2,366,0.204857970919,RETURNED,0.942074508466,0.334755741622,20,18,pop:sample:281
0,11,40,0.362224797225,13,0.92,0.16,0.38,0.38,366,0.221119770728,RETURNED,0.942074508466,0.334755741622,20,18,pop:sample:291
0,11,40,0.353586569519,14,0.67,0.16,0.38,0.14,363,0.208826613514,RETURNED,0.942074508466,0.334755741622,20,18,pop:sample:299
0,11,40,0.372418936318,15,0.93,0.29,0.38,0.26,367,0.209818626235,RETURNED,0.942074508466,0.334755741622,20,18,pop:sample:306
0,11,40,0.360062595234,16,0.88,0.18,0.39,0.32,368,0.176135996321,RETURNED,0.942074508466,0.334755741622,20,18,pop:sample:308
0,11,40,0.34204436518,17,0.86,0.32,0.39,0.15,366,0.205893664456,RETURNED,0.942074508466,0.334755741622,20,18,pop:sample:315
0,11,40,0.38227366149,18,0.82,0.17,0.38,0.26,363,0.18398610491,RETURNED,0.942074508466,0.334755741622,20,18,pop:sample:318
0,11,40,0.330818967445,19,1.13,0.3,0.38,0.45,369,0.166081144033,RETURNED,0.942074508466,0.334755741622,20,18,pop:sample:320
0,12,40,0.615591183401,0,0.71,0.25,0.16,0.31,232,0.742855097417,RETURNED,0.402955119971,0.908952893174,22,10,pop:sample:19
0,12,40,0.493707092238,1,0.98,0.65,0.18,0.15,234,0.552061920392,RETURNED,0.402955119971,0.908952893174,22,10,pop:sample:39
0,12,40,0.477413366825,2,1.3,0.83,0.19,0.27,227,0.492921713861,RETURNED,0.402955119971,0.908952893174,22,10,pop:sample:59
0,12,40,0.367765786378,3,1.64,1.17,0.19,0.27,228,0.407102847324,RETURNED,0.402955119971,0.908952893174,22,10,pop:sample:80
0,12,40,0.338619447679,4,0.66,0.23,0.2,0.24,237,0.36786754884,RETURNED,0.402955119971,0.908952893174,22,10,pop:sample:106
0,12,40,0.328962267754,5,1.99,1.64,0.2,0.15,234,0.339515028535,RETURNED,0.402955119971,0.908952893174,22,10,pop:sample:123
0,12,40,0.295222127658,6,0.77,0.22,0.2,0.35,230,0.298192171681,RETURNED,0.402955119971,0.908952893174,22,10,pop:sample:146
0,12,40,0.276993186021,7,0.57,0.22,0.2,0.15,228,0.291060225746,RETURNED,0.402955119971,0.908952893174,22,10,pop:sample:161
0,12,40,0.267579743164,8,1.37,0.65,0.2,0.52,225,0.282335543984,RETURNED,0.402955119971,0.908952893174,22,10,pop:sample:175
0,12,40,0.24694391629,9,0.86,0.42,0.19,0.25,224,0.258766475282,RETURNED,0.402955119971,0.908952893174,22,10,pop:sample:205
0,12,40,0.251143391928,10,0.62,0.28,0.2,0.15,224,0.258056153866,RETURNED,0.402955119971,0.908952893174,22,10,pop:sample:220
0,12,40,0.242878956053,11,1.06,0.24,0.2,0.62,226,0.245585842656,RETURNED,0.402955119971,0.908952893174,22,10,pop:sample:229
0,12,40,0.236293840008,12,1.05,0.25,0.2,0.61,232,0.239391250849,RETURNED,0.402955119971,0.908952893174,22,10,pop:sample:246
0,12,40,0.214740107553,13,1.36,0.73,0.2,0.43,227,0.217031044629,RETURNED,0.402955119971,0.908952893174,22,10,pop:sample:263
0,12,40,0.197550346654,14,0.78,0.24,0.2,0.34,229,0.205575128504,RETURNED,0.402955119971,0.908952893174,22,10,pop:sample:275
0,12,40,0.200819981884,15,0.59,0.18,0.2,0.21,230,0.200819981884,RETURNED,0.402955119971,0.908952893174,22,10,pop:sample:282
0,12,40,0.194945200181,16,0.88,0.23,0.21,0.45,233,0.194945200181,RETURNED,0.402955119971,0.908952893174,22,10,pop:sample:289
0,12,40,0.184794757585,17,0.62,0.23,0.21,0.18,226,0.189630790104,RETURNED,0.402955119971,0.908952893174,22,10,pop:sample:298
0,12,40,0.176366539708,18,0.7,0.31,0.2,0.2,230,0.17992932311,RETURNED,0.402955119971,0.908952893174,22,10,pop:sample:301
0,12,40,0.172977987884,19,0.67,0.29,0.21,0.17,235,0.185362994555,RETURNED,0.402955119971,0.908952893174,22,10,pop:sample:307
0,13,40,0.706129394918,0,0.36,0.1,0.11,0.14,139,0.883358563,RETURNED,0.692396229845,0.996618149231,13,10,pop:sample:23
0,13,40,0.53504929575,1,0.45,0.21,0.13,0.11,141,0.617410901154,RETURNED,0.692396229845,0.996618149231,13,10,pop:sample:32
0,13,40,0.552183065586,2,0.55,0.16,0.13,0.27,141,0.583414976796,RETURNED,0.692396229845,0.996618149231,13,10,pop:sample:45
0,13,40,0.468904986497,3,0.87,0.42,0.13,0.31,142,0.500604073134,RETURNED,0.692396229845,0.996618149231,13,10,pop:sample:56
0,13,40,0.463897975924,4,0.57,0.26,0.13,0.17,142,0.487017744342,RETURNED,0.692396229845,0.996618149231,13,10,pop:sample:71
0,13,40,0.455441671336,5,0.88,0.23,0.13,0.52,142,0.464456862968,RETURNED,0.692396229845,0.996618149231,13,10,pop:sample:78
0,13,40,0.375694308693,6,0.67,0.37,0.13,0.16,142,0.406093685449,RETURNED,0.692396229845,0.996618149231,13,10,pop:sample:95
0,13,40,0.350144733234,7,0.4,0.16,0.13,0.1,137,0.372545623062,RETURNED,0.692396229845,0.996618149231,13,10,pop:sample:105
0,13,40,0.389487899016,8,0.85,0.53,0.14,0.18,140,0.366077836965,RETURNED,0.692396229845,0.996618149231,13,10,pop:sample:115
0,13,40,0.370895000818,9,1.65,0.98,0.13,0.54,139,0.365442010968,RETURNED,0.692396229845,0.996618149231,13,10,pop:sample:135
0,13,40,0.313338670384,10,0.54,0.28,0.13,0.13,140,0.311548278514,RETURNED,0.692396229845,0.996618149231,13,10,pop:sample:150
0,13,40,0.334505239996,11,0.7,0.38,0.13,0.19,141,0.310810308042,RETURNED,0.692396229845,0.996618149231,13,10,pop:sample:159
0,13,40,0.329535249063,12,0.47,0.15,0.13,0.19,140,0.270979724699,RETURNED,0.692396229845,0.996618149231,13,10,pop:sample:176
0,13,40,0.275594268842,13,0.47,0.2,0.13,0.14,141,0.271207192619,RETURNED,0.692396229845,0.996618149231,13,10,pop:sample:185
0,13,40,0.286716867469,14,0.68,0.42,0.13,0.13,141,0.275657090491,RETURNED,0.692396229845,0.996618149231,13,10,pop:sample:197
0,13,40,0.277735487453,15,0.77,0.5,0.13,0.13,140,0.260963401295,RETURNED,0.692396229845,0.996618149231,13,10,pop:sample:208
0,13,40,0.252165947753,16,1.25,0.67,0.13,0.45,141,0.261047530842,RETURNED,0.692396229845,0.996618149231,13,10,pop:sample:223
0,13,40,0.283755672189,17,0.37,0.11,0.13,0.12,142,0.244139225545,RETURNED,0.692396229845,0.996618149231,13,10,pop:sample:241
0,13,40,0.243670159357,18,0.37,0.14,0.13,0.1,139,0.226223460685,RETURNED,0.692396229845,0.996618149231,13,10,pop:sample:248
0,13,40,0.245774416295,19,0.39,0.15,0.13,0.1,141,0.239634951802,RETURNED,0.692396229845,0.996618149231,13,10,pop:sample:256
0,14,40,0.567100603773,0,0.45,0.14,0.04,0.27,74,0.60615158445,RETURNED,0.365053373013,0.965485301209,13,5,pop:sample:22
0,14,40,0.536685779199,1,0.26,0.12,0.05,0.09,71,0.560742374576,RETURNED,0.365053373013,0.965485301209,13,5,pop:sample:33
0,14,40,0.513787896991,2,0.61,0.46,0.06,0.1,70,0.535509727813,RETURNED,0.365053373013,0.965485301209,13,5,pop:sample:41
0,14,40,0.501163066971,3,1.03,0.38,0.06,0.59,73,0.501163066971,RETURNED,0.365053373013,0.965485301209,13,5,pop:sample:54
0,14,40,0.48619283739,4,0.87,0.36,0.06,0.46,72,0.487782987609,RETURNED,0.365053373013,0.965485301209,13,5,pop:sample:72
0,14,40,0.423078531159,5,0.51,0.29,0.06,0.17,74,0.439263068056,RETURNED,0.365053373013,0.965485301209,13,5,pop:sample:83
0,14,40,0.418423378805,6,0.35,0.18,0.06,0.11,76,0.441493887268,RETURNED,0.365053373013,0.965485301209,13,5,pop:sample:94
0,14,40,0.360713691693,7,0.61,0.43,0.06,0.12,75,0.398807755687,RETURNED,0.365053373013,0.965485301209,13,5,pop:sample:101
0,14,40,0.350978979269,8,0.55,0.31,0.06,0.19,74,0.350978979269,RETURNED,0.365053373013,0.965485301209,13,5,pop:sample:114
0,14,40,0.335808134201,9,0.3,0.12,0.06,0.12,73,0.339515028535,RETURNED,0.365053373013,0.965485301209,13,5,pop:sample:126
0,14,40,0.321948684594,10,0.29,0.15,0.06,0.09,73,0.321948684594,RETURNED,0.365053373013,0.965485301209,13,5,pop:sample:133
0,14,40,0.312135013077,11,0.32,0.15,0.06,0.11,74,0.317240363851,RETURNED,0.365053373013,0.965485301209,13,5,pop:sample:139
0,14,40,0.29843418592,12,0.29,0.14,0.06,0.09,74,0.312135013077,RETURNED,0.365053373013,0.965485301209,13,5,pop:sample:142
0,14,40,0.332827850289,13,1.09,0.77,0.06,0.26,77,0.338161366913,RETURNED,0.365053373013,0.965485301209,13,5,pop:sample:144
0,14,40,0.299227952417,14,0.57,0.25,0.06,0.25,74,0.304914566378,RETURNED,0.365053373013,0.965485301209,13,5,pop:sample:154
0,14,40,0.29463648577,15,0.59,0.23,0.06,0.3,75,0.295930053893,RETURNED,0.365053373013,0.965485301209,13,5,pop:sample:167
0,14,40,0.274532797348,16,0.42,0.21,0.06,0.15,73,0.277017627882,RETURNED,0.365053373013,0.965485301209,13,5,pop:sample:181
0,14,40,0.264096395088,17,0.53,0.24,0.06,0.23,71,0.264096395088,RETURNED,0.365053373013,0.965485301209,13,5,pop:sample:191
0,14,40,0.266507146145,18,0.42,0.15,0.06,0.21,70,0.266507146145,RETURNED,0.365053373013,0.965485301209,13,5,pop:sample:201
0,14,40,0.255529712974,19,0.7,0.5,0.06,0.14,75,0.258649445568,RETURNED,0.365053373013,0.965485301209,13,5,pop:sample:212
0,15,40,0.590047404,0,0.7,0.17,0.29,0.23,279,0.737788931066,RETURNED,0.473239990741,0.446153857346,21,18,pop:sample:20
0,15,40,0.568173151604,1,0.69,0.22,0.3,0.17,279,0.634596306972,RETURNED,0.473239990741,0.446153857346,21,18,pop:sample:38
0,15,40,0.406321983078,2,0.95,0.42,0.32,0.22,277,0.475702483643,RETURNED,0.473239990741,0.446153857346,21,18,pop:sample:57
0,15,40,0.385901972719,3,1.28,0.69,0.32,0.27,273,0.419102359152,RETURNED,0.473239990741,0.446153857346,21,18,pop:sample:73
0,15,40,0.372004937037,4,1.07,0.29,0.33,0.45,289,0.385901972719,RETURNED,0.473239990741,0.446153857346,21,18,pop:sample:91
0,15,40,0.354715547408,5,1.03,0.52,0.34,0.17,292,0.357436254987,RETURNED,0.473239990741,0.446153857346,21,18,pop:sample:113
0,15,40,0.314023802641,6,1.64,0.2,0.32,1.12,283,0.318323700473,RETURNED,0.473239990741,0.446153857346,21,18,pop:sample:134
0,15,40,0.277877644803,7,1.08,0.27,0.32,0.48,293,0.319252779628,RETURNED,0.473239990741,0.446153857346,21,18,pop:sample:148
0,15,40,0.275657090491,8,1.03,0.27,0.31,0.44,266,0.277877644803,RETURNED,0.473239990741,0.446153857346,21,18,pop:sample:169
0,15,40,0.26488680683,9,1.33,0.26,0.32,0.76,281,0.267395251278,RETURNED,0.473239990741,0.446153857346,21,18,pop:sample:193
0,15,40,0.249312430483,10,0.86,0.38,0.33,0.15,272,0.249312430483,RETURNED,0.473239990741,0.446153857346,21,18,pop:sample:219
0,15,40,0.23764003791,11,1.14,0.61,0.33,0.2,295,0.241356828152,RETURNED,0.473239990741,0.446153857346,21,18,pop:sample:230
0,15,40,0.20390949445,12,0.71,0.22,0.32,0.17,298,0.212981491614,RETURNED,0.473239990741,0.446153857346,21,18,pop:sample:250
0,15,40,0.206339622475,13,0.65,0.17,0.32,0.16,277,0.208229749425,RETURNED,0.473239990741,0.446153857346,21,18,pop:sample:260
0,15,40,0.20687560417,14,0.89,0.24,0.34,0.31,289,0.206900111708,RETURNED,0.473239990741,0.446153857346,21,18,pop:sample:268
0,15,40,0.197214241866,15,0.95,0.33,0.34,0.28,284,0.206267286496,RETURNED,0.473239990741,0.446153857346,21,18,pop:sample:276
0,15,40,0.196237005838,16,0.74,0.24,0.34,0.16,289,0.197214241866,RETURNED,0.473239990741,0.446153857346,21,18,pop:sample:285
0,15,40,0.188697937968,17,0.71,0.19,0.36,0.16,282,0.188697937968,RETURNED,0.473239990741,0.446153857346,21,18,pop:sample:293
0,15,40,0.187859221915,18,1.62,0.55,0.35,0.72,271,0.187859221915,RETURNED,0.473239990741,0.446153857346,21,18,pop:sample:300
0,15,40,0.176135996321,19,0.91,0.38,0.35,0.19,291,0.176135996321,RETURNED,0.473239990741,0.446153857346,21,18,pop:sample:309
1,46.70,0.19
1,0,40,312.444269214,0,0.69,0.4,0.05,0.24,180,313.448905476,RETURNED,0.884212380373,0.234837224657,15,12,pop:sample:57
1,0,40,308.112961486,1,0.47,0.35,0.04,0.08,181,309.26365857,RETURNED,0.884212380373,0.234837224657,15,12,pop:sample:76
1,0,40,0.591386774332,2,0.43,0.11,0.17,0.15,180,0.644364435942,RETURNED,0.884212380373,0.234837224657,15,12,pop:sample:82
1,0,40,0.6732714652,3,0.57,0.14,0.17,0.26,172,0.726943598,RETURNED,0.884212380373,0.234837224657,15,12,pop:sample:96
1,0,40,0.519276605765,4,0.47,0.16,0.19,0.12,178,0.541635922199,RETURNED,0.884212380373,0.234837224657,15,12,pop:sample:108
1,0,40,0.507286757714,5,0.72,0.4,0.18,0.13,174,0.48626702964,RETURNED,0.884212380373,0.234837224657,15,12,pop:sample:115
1,0,40,0.494423980991,6,0.98,0.66,0.18,0.13,177,0.514319473562,RETURNED,0.884212380373,0.234837224657,15,12,pop:sample:128
1,0,40,0.47026181533,7,1.03,0.72,0.19,0.11,183,0.44744932181,RETURNED,0.884212380373,0.234837224657,15,12,pop:sample:142
1,0,40,0.414154141245,8,0.63,0.25,0.19,0.2,181,0.398081128436,RETURNED,0.884212380373,0.234837224657,15,12,pop:sample:156
1,0,40,0.409446424787,9,0.51,0.19,0.19,0.14,176,0.386229410344,RETURNED,0.884212380373,0.234837224657,15,12,pop:sample:167
1,0,40,0.423857559168,10,1.59,1.27,0.19,0.14,182,0.377120660242,RETURNED,0.884212380373,0.234837224657,15,12,pop:sample:176
1,0,40,0.387877478887,11,0.68,0.38,0.18,0.11,178,0.330273176854,RETURNED,0.884212380373,0.234837224657,15,12,pop:sample:191
1,0,40,0.366111548441,12,0.8,0.15,0.19,0.46,183,0.309172001703,RETURNED,0.884212380373,0.234837224657,15,12,pop:sample:198
1,0,40,0.385081772722,13,0.54,0.17,0.19,0.18,179,0.30384924202,RETURNED,0.884212380373,0.234837224657,15,12,pop:sample:209
1,0,40,0.344363870889,14,0.82,0.17,0.19,0.46,172,0.292705931871,RETURNED,0.884212380373,0.234837224657,15,12,pop:sample:217
1,0,40,0.303693473696,15,1.0,0.24,0.19,0.57,173,0.274566060108,RETURNED,0.884212380373,0.234837224657,15,12,pop:sample:228
1,0,40,0.292905451956,16,0.43,0.14,0.19,0.11,175,0.284203813184,RETURNED,0.884212380373,0.234837224657,15,12,pop:sample:242
1,0,40,0.373694660528,17,1.08,0.78,0.19,0.11,186,0.262201230214,RETURNED,0.884212380373,0.234837224657,15,12,pop:sample:245
1,0,40,0.344401139795,18,0.72,0.38,0.19,0.14,182,0.262516657708,RETURNED,0.884212380373,0.234837224657,15,12,pop:sample:258
1,0,40,0.332319769835,19,0.86,0.55,0.19,0.12,177,0.298366392021,RETURNED,0.884212380373,0.234837224657,15,12,pop:sample:269
1,1,40,311.416564953,0,0.24,0.1,0.07,0.07,277,313.492964831,RETURNED,0.972286280911,0.764387488154,14,19,pop:sample:58
1,1,40,309.840510269,1,0.5,0.16,0.06,0.28,278,311.973542488,RETURNED,0.972286280911,0.764387488154,14,19,pop:sample:67
1,1,40,0.61314702243,2,1.41,0.98,0.27,0.15,278,0.575250432559,RETURNED,0.972286280911,0.764387488154,14,19,pop:sample:92
1,1,40,0.607733656955,3,0.66,0.15,0.28,0.23,278,0.571569940228,RETURNED,0.972286280911,0.764387488154,14,19,pop:sample:106
1,1,40,0.575056696808,4,0.84,0.13,0.29,0.42,280,0.482117491143,RETURNED,0.972286280911,0.764387488154,14,19,pop:sample:117
1,1,40,0.555082541259,5,1.1,0.63,0.29,0.18,278,0.510367887984,RETURNED,0.972286280911,0.764387488154,14,19,pop:sample:132
1,1,40,0.549948589478,6,0.62,0.17,0.28,0.16,278,0.430827803021,RETURNED,0.972286280911,0.764387488154,14,19,pop:sample:146
1,1,40,0.519643932166,7,0.81,0.32,0.3,0.18,278,0.409068896742,RETURNED,0.972286280911,0.764387488154,14,19,pop:sample:154
1,1,40,0.516715607978,8,1.86,0.42,0.28,1.16,279,0.429320122872,RETURNED,0.972286280911,0.764387488154,14,19,pop:sample:170
1,1,40,0.488423581904,9,1.17,0.13,0.29,0.76,278,0.385659359779,RETURNED,0.972286280911,0.764387488154,14,19,pop:sample:190
1,1,40,0.430830477853,10,1.06,0.66,0.29,0.11,277,0.329334989463,RETURNED,0.972286280911,0.764387488154,14,19,pop:sample:201
1,1,40,0.453938465866,11,0.53,0.13,0.28,0.11,278,0.329367102915,RETURNED,0.972286280911,0.764387488154,14,19,pop:sample:216
1,1,40,0.445059808523,12,0.53,0.12,0.29,0.12,277,0.324931918633,RETURNED,0.972286280911,0.764387488154,14,19,pop:sample:224
1,1,40,0.494779866231,13,0.58,0.15,0.28,0.14,278,0.327166797144,RETURNED,0.972286280911,0.764387488154,14,19,pop:sample:234
1,1,40,0.440521921281,14,1.58,1.1,0.29,0.19,280,0.274720074703,RETURNED,0.972286280911,0.764387488154,14,19,pop:sample:238
1,1,40,0.445816926955,15,0.61,0.2,0.29,0.12,280,0.300878694678,RETURNED,0.972286280911,0.764387488154,14,19,pop:sample:257
1,1,40,0.424696838686,16,1.33,0.52,0.29,0.53,280,0.274384817242,RETURNED,0.972286280911,0.764387488154,14,19,pop:sample:266
1,1,40,0.365848871369,17,0.62,0.2,0.28,0.13,276,0.294311614163,RETURNED,0.972286280911,0.764387488154,14,19,pop:sample:280
1,1,40,0.452263438883,18,0.64,0.14,0.31,0.19,279,0.274643515649,RETURNED,0.972286280911,0.764387488154,14,19,pop:sample:286
1,1,40,0.423929292072,19,1.03,0.27,0.29,0.47,278,0.272565720143,RETURNED,0.972286280911,0.764387488154,14,19,pop:sample:290
1,2,40,312.076989433,0,0.21,0.1,0.04,0.07,194,313.816219745,RETURNED,0.877275890278,0.9791939532,15,12,pop:sample:60
1,2,40,310.07566109,1,0.51,0.19,0.04,0.28,193,311.487509647,RETURNED,0.877275890278,0.9791939532,15,12,pop:sample:66
1,2,40,0.514166374158,2,3.42,3.13,0.19,0.11,194,0.506645503799,RETURNED,0.877275890278,0.9791939532,15,12,pop:sample:125
1,2,40,0.503718074156,3,1.44,0.98,0.19,0.27,195,0.492051873727,RETURNED,0.877275890278,0.9791939532,15,12,pop:sample:140
1,2,40,0.468393317701,4,0.61,0.19,0.19,0.23,193,0.413055116218,RETURNED,0.877275890278,0.9791939532,15,12,pop:sample:157
1,2,40,0.430178104252,5,1.87,0.92,0.19,0.76,193,0.419285338127,RETURNED,0.877275890278,0.9791939532,15,12,pop:sample:168
1,2,40,0.39984435072,6,1.39,0.86,0.19,0.34,192,0.357518447226,RETURNED,0.877275890278,0.9791939532,15,12,pop:sample:188
1,2,40,0.381047963101,7,0.96,0.63,0.19,0.13,194,0.338389057461,RETURNED,0.877275890278,0.9791939532,15,12,pop:sample:207
1,2,40,0.358531843594,8,0.83,0.17,0.19,0.46,192,0.297496573913,RETURNED,0.877275890278,0.9791939532,15,12,pop:sample:218
1,2,40,0.385324811156,9,0.97,0.66,0.19,0.12,195,0.323405470359,RETURNED,0.877275890278,0.9791939532,15,12,pop:sample:229
1,2,40,0.321443478664,10,1.08,0.16,0.19,0.73,193,0.2688873757,RETURNED,0.877275890278,0.9791939532,15,12,pop:sample:243
1,2,40,0.366499256819,11,0.65,0.37,0.19,0.09,192,0.301041814472,RETURNED,0.877275890278,0.9791939532,15,12,pop:sample:252
1,2,40,0.298220794157,12,0.52,0.18,0.2,0.14,192,0.250482370636,RETURNED,0.877275890278,0.9791939532,15,12,pop:sample:260
1,2,40,0.34463611583,13,0.48,0.14,0.19,0.15,194,0.292967950682,RETURNED,0.877275890278,0.9791939532,15,12,pop:sample:270
1,2,40,0.372721827743,14,0.77,0.19,0.19,0.39,191,0.256696299808,RETURNED,0.877275890278,0.9791939532,15,12,pop:sample:274
1,2,40,0.340263556602,15,1.34,0.73,0.2,0.41,191,0.264324579208,RETURNED,0.877275890278,0.9791939532,15,12,pop:sample:283
1,2,40,0.349775292937,16,1.0,0.68,0.19,0.14,193,0.249637548809,RETURNED,0.877275890278,0.9791939532,15,12,pop:sample:292
1,2,40,0.3386199711,17,0.55,0.17,0.19,0.19,194,0.247446387034,RETURNED,0.877275890278,0.9791939532,15,12,pop:sample:298
1,2,40,0.298317363907,18,1.01,0.67,0.18,0.15,192,0.262268066205,RETURNED,0.877275890278,0.9791939532,15,12,pop:sample:300
1,2,40,0.334904435993,19,0.57,0.18,0.19,0.2,194,0.246211359653,RETURNED,0.877275890278,0.9791939532,15,12,pop:sample:307
1,3,40,311.611393371,0,0.59,0.22,0.11,0.26,294,313.377292372,RETURNED,0.288982118075,0.233827611734,22,27,pop:sample:59
1,3,40,308.715482684,1,0.4,0.14,0.1,0.16,293,310.431231775,RETURNED,0.288982118075,0.233827611734,22,27,pop:sample:73
1,3,40,0.603850206531,2,1.09,0.5,0.42,0.17,297,0.877745812691,RETURNED,0.288982118075,0.233827611734,22,27,pop:sample:80
1,3,40,0.510382855387,3,1.05,0.19,0.44,0.42,278,0.566200505068,RETURNED,0.288982118075,0.233827611734,22,27,pop:sample:104
1,3,40,0.426620770383,4,1.69,0.22,0.45,1.02,300,0.500299956974,RETURNED,0.288982118075,0.233827611734,22,27,pop:sample:123
1,3,40,0.387429200795,5,0.87,0.19,0.46,0.22,292,0.42019095427,RETURNED,0.288982118075,0.233827611734,22,27,pop:sample:147
1,3,40,0.381723249445,6,0.88,0.25,0.46,0.18,327,0.395058335975,RETURNED,0.288982118075,0.233827611734,22,27,pop:sample:160
1,3,40,0.319669173958,7,2.75,1.47,0.45,0.82,277,0.330478487978,RETURNED,0.288982118075,0.233827611734,22,27,pop:sample:175
1,3,40,0.303733884061,8,1.56,0.95,0.47,0.14,290,0.309172001703,RETURNED,0.288982118075,0.233827611734,22,27,pop:sample:203
1,3,40,0.274325084505,9,1.24,0.49,0.47,0.28,305,0.290361556154,RETURNED,0.288982118075,0.233827611734,22,27,pop:sample:223
1,3,40,0.262201230214,10,1.93,1.25,0.5,0.19,306,0.262201230214,RETURNED,0.288982118075,0.233827611734,22,27,pop:sample:241
1,3,40,0.249637548809,11,1.35,0.71,0.46,0.18,292,0.250482370636,RETURNED,0.288982118075,0.233827611734,22,27,pop:sample:262
1,3,40,0.244198560911,12,1.87,1.11,0.44,0.31,279,0.249637548809,RETURNED,0.288982118075,0.233827611734,22,27,pop:sample:278
1,3,40,0.24301771666,13,1.07,0.21,0.44,0.43,296,0.244198560911,RETURNED,0.288982118075,0.233827611734,22,27,pop:sample:293
1,3,40,0.24301771666,14,1.25,0.65,0.44,0.15,297,0.24301771666,RETURNED,0.288982118075,0.233827611734,22,27,pop:sample:299
1,3,40,0.236861482784,15,1.02,0.37,0.45,0.2,294,0.24301771666,RETURNED,0.288982118075,0.233827611734,22,27,pop:sample:306
1,3,40,0.236861482784,16,0.82,0.21,0.44,0.18,286,0.236861482784,RETURNED,0.288982118075,0.233827611734,22,27,pop:sample:312
1,3,40,0.236116058758,17,1.02,0.38,0.44,0.21,280,0.240380379632,RETURNED,0.288982118075,0.233827611734,22,27,pop:sample:314
1,3,40,0.236116058758,18,0.87,0.24,0.45,0.18,296,0.236116058758,RETURNED,0.288982118075,0.233827611734,22,27,pop:sample:317
1,3,40,0.23633851446,19,0.94,0.35,0.44,0.15,300,0.236861482784,RETURNED,0.288982118075,0.233827611734,22,27,pop:sample:319
1,4,40,309.149400834,0,0.73,0.5,0.12,0.11,509,311.525707142,RETURNED,0.732476458584,0.869122990427,22,23,pop:sample:63
1,4,40,305.978265677,1,0.5,0.25,0.11,0.14,504,309.173770242,RETURNED,0.732476458584,0.869122990427,22,23,pop:sample:79
1,4,40,0.562406691991,2,0.91,0.22,0.51,0.19,508,0.664194779424,RETURNED,0.732476458584,0.869122990427,22,23,pop:sample:83
1,4,40,0.46072369024,3,0.94,0.21,0.5,0.23,511,0.535304229051,RETURNED,0.732476458584,0.869122990427,22,23,pop:sample:107
1,4,40,0.439969082333,4,0.87,0.21,0.52,0.15,515,0.499712083889,RETURNED,0.732476458584,0.869122990427,22,23,pop:sample:122
1,4,40,0.440437927583,5,1.22,0.22,0.51,0.49,511,0.44607273232,RETURNED,0.732476458584,0.869122990427,22,23,pop:sample:137
1,4,40,0.377700934801,6,1.01,0.21,0.51,0.29,510,0.411892681255,RETURNED,0.732476458584,0.869122990427,22,23,pop:sample:153
1,4,40,0.40477883779,7,2.48,1.7,0.53,0.25,517,0.423206583941,RETURNED,0.732476458584,0.869122990427,22,23,pop:sample:171
1,4,40,0.326659479817,8,0.86,0.2,0.51,0.15,503,0.309172001703,RETURNED,0.732476458584,0.869122990427,22,23,pop:sample:196
1,4,40,0.30625367738,9,1.44,0.77,0.51,0.16,511,0.305888149672,RETURNED,0.732476458584,0.869122990427,22,23,pop:sample:208
1,4,40,0.301764546291,10,2.33,0.55,0.51,1.27,510,0.280274543283,RETURNED,0.732476458584,0.869122990427,22,23,pop:sample:225
1,4,40,0.283201058215,11,1.01,0.29,0.54,0.18,505,0.274325084505,RETURNED,0.732476458584,0.869122990427,22,23,pop:sample:253
1,4,40,0.26625022814,12,1.4,0.71,0.53,0.16,508,0.258885875051,RETURNED,0.732476458584,0.869122990427,22,23,pop:sample:268
1,4,40,0.290127999702,13,1.86,0.97,0.51,0.37,509,0.282435279742,RETURNED,0.732476458584,0.869122990427,22,23,pop:sample:282
1,4,40,0.266439816681,14,1.18,0.3,0.54,0.34,515,0.250482370636,RETURNED,0.732476458584,0.869122990427,22,23,pop:sample:296
1,4,40,0.260714395844,15,1.59,0.73,0.5,0.36,510,0.243711126585,RETURNED,0.732476458584,0.869122990427,22,23,pop:sample:304
1,4,40,0.247998540094,16,1.18,0.3,0.51,0.38,515,0.23395726935,RETURNED,0.732476458584,0.869122990427,22,23,pop:sample:310
1,4,40,0.238136534757,17,1.06,0.41,0.51,0.14,509,0.235165036548,RETURNED,0.732476458584,0.869122990427,22,23,pop:sample:315
1,4,40,0.23644473706,18,1.07,0.39,0.5,0.18,509,0.241722224853,RETURNED,0.732476458584,0.869122990427,22,23,pop:sample:318
1,4,40,0.243569241979,19,0.88,0.19,0.5,0.18,510,0.236116058758,RETURNED,0.732476458584,0.869122990427,22,23,pop:sample:320
1,5,40,313.00758789,0,0.83,0.23,0.04,0.55,166,313.47378196,RETURNED,0.956252743298,0.309594926357,24,6,pop:sample:61
1,5,40,0.579044350971,1,1.97,0.91,0.14,0.92,161,0.604411721586,RETURNED,0.956252743298,0.309594926357,24,6,pop:sample:91
1,5,40,0.524806465899,2,0.83,0.47,0.16,0.2,162,0.505752804573,RETURNED,0.956252743298,0.309594926357,24,6,pop:sample:116
1,5,40,0.50184819219,3,1.77,1.14,0.16,0.48,161,0.480193938004,RETURNED,0.956252743298,0.309594926357,24,6,pop:sample:131
1,5,40,0.443651102038,4,1.01,0.67,0.16,0.17,166,0.436215901032,RETURNED,0.956252743298,0.309594926357,24,6,pop:sample:155
1,5,40,0.371345796359,5,2.86,1.58,0.16,1.12,163,0.343424331141,RETURNED,0.956252743298,0.309594926357,24,6,pop:sample:173
1,5,40,0.340264820513,6,0.81,0.47,0.16,0.18,164,0.330828620047,RETURNED,0.956252743298,0.309594926357,24,6,pop:sample:202
1,5,40,0.312727263074,7,1.21,0.23,0.16,0.82,163,0.296425568207,RETURNED,0.956252743298,0.309594926357,24,6,pop:sample:214
1,5,40,0.328943913288,8,0.62,0.24,0.16,0.22,162,0.279249871778,RETURNED,0.956252743298,0.309594926357,24,6,pop:sample:232
1,5,40,0.363694805725,9,0.69,0.29,0.16,0.25,165,0.300850519292,RETURNED,0.956252743298,0.309594926357,24,6,pop:sample:236
1,5,40,0.357527423906,10,0.59,0.27,0.16,0.16,164,0.284981946711,RETURNED,0.956252743298,0.309594926357,24,6,pop:sample:246
1,5,40,0.319826890219,11,1.06,0.34,0.16,0.56,165,0.2688873757,RETURNED,0.956252743298,0.309594926357,24,6,pop:sample:251
1,5,40,0.341772238851,12,0.68,0.25,0.18,0.26,165,0.284795529301,RETURNED,0.956252743298,0.309594926357,24,6,pop:sample:267
1,5,40,0.339940917895,13,0.58,0.25,0.17,0.16,166,0.284413821169,RETURNED,0.956252743298,0.309594926357,24,6,pop:sample:275
1,5,40,0.307759049132,14,0.74,0.26,0.16,0.32,164,0.249637548809,RETURNED,0.956252743298,0.309594926357,24,6,pop:sample:279
1,5,40,0.312821086801,15,1.1,0.22,0.17,0.71,164,0.283188267467,RETURNED,0.956252743298,0.309594926357,24,6,pop:sample:287
1,5,40,0.336689381573,16,1.22,0.83,0.17,0.22,161,0.244198560911,RETURNED,0.956252743298,0.309594926357,24,6,pop:sample:294
1,5,40,0.293472272665,17,1.22,0.81,0.16,0.24,159,0.243407562614,RETURNED,0.956252743298,0.309594926357,24,6,pop:sample:301
1,5,40,0.299611983399,18,0.67,0.28,0.17,0.21,165,0.247519602466,RETURNED,0.956252743298,0.309594926357,24,6,pop:sample:308
1,5,40,0.34446453313,19,0.87,0.26,0.16,0.45,165,0.273559512197,RETURNED,0.956252743298,0.309594926357,24,6,pop:sample:311
1,6,40,320.757647528,0,0.38,0.18,0.03,0.17,161,321.068845087,RETURNED,0.133997948043,0.906342355118,24,6,pop:sample:30
1,6,40,318.376394049,1,0.36,0.21,0.03,0.12,164,318.903872589,RETURNED,0.133997948043,0.906342355118,24,6,pop:sample:36
1,6,40,317.433777312,2,0.45,0.19,0.03,0.23,149,317.599238236,RETURNED,0.133997948043,0.906342355118,24,6,pop:sample:41
1,6,40,315.260090885,3,0.36,0.15,0.04,0.18,156,315.448068645,RETURNED,0.133997948043,0.906342355118,24,6,pop:sample:47
1,6,40,314.124548821,4,0.61,0.15,0.03,0.43,153,314.287535679,RETURNED,0.133997948043,0.906342355118,24,6,pop:sample:53
1,6,40,311.093085529,5,0.96,0.27,0.03,0.67,148,311.288074428,RETURNED,0.133997948043,0.906342355118,24,6,pop:sample:68
1,6,40,0.590879782397,6,0.82,0.39,0.07,0.37,153,0.622269229378,RETURNED,0.133997948043,0.906342355118,24,6,pop:sample:84
1,6,40,0.5147297903,7,0.48,0.21,0.11,0.16,150,0.544923060164,RETURNED,0.133997948043,0.906342355118,24,6,pop:sample:105
1,6,40,0.47350403179,8,1.42,1.12,0.12,0.19,160,0.521963141405,RETURNED,0.133997948043,0.906342355118,24,6,pop:sample:113
1,6,40,0.41707591287,9,0.54,0.25,0.12,0.17,156,0.422828564568,RETURNED,0.133997948043,0.906342355118,24,6,pop:sample:138
1,6,40,0.398081128436,10,0.49,0.21,0.11,0.17,156,0.423046118962,RETURNED,0.133997948043,0.906342355118,24,6,pop:sample:143
1,6,40,0.382827615168,11,0.65,0.3,0.12,0.23,160,0.422333069759,RETURNED,0.133997948043,0.906342355118,24,6,pop:sample:151
1,6,40,0.340577776872,12,0.73,0.37,0.12,0.24,157,0.35092085467,RETURNED,0.133997948043,0.906342355118,24,6,pop:sample:161
1,6,40,0.349021346906,13,1.19,0.73,0.12,0.34,156,0.381502618932,RETURNED,0.133997948043,0.906342355118,24,6,pop:sample:174
1,6,40,0.307580579274,14,1.29,0.22,0.12,0.95,149,0.336796236528,RETURNED,0.133997948043,0.906342355118,24,6,pop:sample:185
1,6,40,0.292705931871,15,0.88,0.59,0.12,0.18,159,0.309172001703,RETURNED,0.133997948043,0.906342355118,24,6,pop:sample:199
1,6,40,0.285232087724,16,0.52,0.22,0.12,0.18,157,0.295330008861,RETURNED,0.133997948043,0.906342355118,24,6,pop:sample:211
1,6,40,0.274566060108,17,0.55,0.25,0.12,0.17,160,0.290579241887,RETURNED,0.133997948043,0.906342355118,24,6,pop:sample:219
1,6,40,0.272859055361,18,2.15,0.85,0.12,1.17,154,0.273390499509,RETURNED,0.133997948043,0.906342355118,24,6,pop:sample:226
1,6,40,0.257881206162,19,0.57,0.24,0.13,0.2,163,0.262201230214,RETURNED,0.133997948043,0.906342355118,24,6,pop:sample:250
1,7,40,307.956954433,0,0.82,0.66,0.04,0.12,152,309.089370017,RETURNED,0.575561975117,0.156036080556,16,13,pop:sample:75
1,7,40,0.579290758221,1,0.43,0.15,0.17,0.12,145,0.608008309342,RETURNED,0.575561975117,0.156036080556,16,13,pop:sample:90
1,7,40,0.673178568557,2,0.46,0.12,0.17,0.17,155,0.725045701485,RETURNED,0.575561975117,0.156036080556,16,13,pop:sample:101
1,7,40,0.514958746124,3,1.34,0.6,0.17,0.57,142,0.521963141405,RETURNED,0.575561975117,0.156036080556,16,13,pop:sample:112
1,7,40,0.437764334716,4,1.2,0.91,0.18,0.11,156,0.463740850156,RETURNED,0.575561975117,0.156036080556,16,13,pop:sample:134
1,7,40,0.386229410344,5,0.75,0.4,0.18,0.16,159,0.398081128436,RETURNED,0.575561975117,0.156036080556,16,13,pop:sample:149
1,7,40,0.408025223204,6,0.56,0.22,0.17,0.17,138,0.413704079121,RETURNED,0.575561975117,0.156036080556,16,13,pop:sample:158
1,7,40,0.377876575755,7,0.63,0.16,0.19,0.29,161,0.388665326025,RETURNED,0.575561975117,0.156036080556,16,13,pop:sample:172
1,7,40,0.350660777259,8,1.36,1.06,0.18,0.12,152,0.350660777259,RETURNED,0.575561975117,0.156036080556,16,13,pop:sample:182
1,7,40,0.340136911234,9,1.0,0.17,0.18,0.64,148,0.348362582147,RETURNED,0.575561975117,0.156036080556,16,13,pop:sample:193
1,7,40,0.30384924202,10,0.74,0.15,0.18,0.41,139,0.30384924202,RETURNED,0.575561975117,0.156036080556,16,13,pop:sample:204
1,7,40,0.288299227064,11,1.0,0.16,0.19,0.65,157,0.297858003931,RETURNED,0.575561975117,0.156036080556,16,13,pop:sample:215
1,7,40,0.306261819475,12,1.17,0.48,0.18,0.51,143,0.309172001703,RETURNED,0.575561975117,0.156036080556,16,13,pop:sample:227
1,7,40,0.272282753331,13,1.33,1.0,0.2,0.13,142,0.272917731932,RETURNED,0.575561975117,0.156036080556,16,13,pop:sample:244
1,7,40,0.258690649647,14,0.48,0.15,0.19,0.14,142,0.259558116996,RETURNED,0.575561975117,0.156036080556,16,13,pop:sample:256
1,7,40,0.271307491458,15,0.7,0.16,0.18,0.36,152,0.271307491458,RETURNED,0.575561975117,0.156036080556,16,13,pop:sample:263
1,7,40,0.258690649647,16,0.81,0.17,0.18,0.46,160,0.256696299808,RETURNED,0.575561975117,0.156036080556,16,13,pop:sample:273
1,7,40,0.248502334997,17,0.47,0.18,0.18,0.11,144,0.250482370636,RETURNED,0.575561975117,0.156036080556,16,13,pop:sample:281
1,7,40,0.250482370636,18,0.85,0.18,0.2,0.47,143,0.250482370636,RETURNED,0.575561975117,0.156036080556,16,13,pop:sample:285
1,7,40,0.249637548809,19,1.13,0.54,0.18,0.42,140,0.249637548809,RETURNED,0.575561975117,0.156036080556,16,13,pop:sample:291
1,8,40,310.687069833,0,0.79,0.4,0.04,0.35,32,311.405558678,RETURNED,0.0567296961407,0.0243597408949,13,19,pop:sample:72
1,8,40,0.651402364208,1,0.4,0.18,0.1,0.12,27,0.680486483515,RETURNED,0.0567296961407,0.0243597408949,13,19,pop:sample:88
1,8,40,0.576594900989,2,1.04,0.31,0.15,0.58,34,0.576594900989,RETURNED,0.0567296961407,0.0243597408949,13,19,pop:sample:97
1,8,40,0.463740850156,3,0.63,0.4,0.13,0.1,37,0.473448247455,RETURNED,0.0567296961407,0.0243597408949,13,19,pop:sample:119
1,8,40,0.450474028565,4,0.91,0.12,0.14,0.65,36,0.463740850156,RETURNED,0.0567296961407,0.0243597408949,13,19,pop:sample:130
1,8,40,0.431905430975,5,0.72,0.23,0.15,0.34,26,0.431905430975,RETURNED,0.0567296961407,0.0243597408949,13,19,pop:sample:141
1,8,40,0.431905430975,6,0.53,0.18,0.15,0.2,35,0.431905430975,RETURNED,0.0567296961407,0.0243597408949,13,19,pop:sample:152
1,8,40,0.386849959866,7,0.49,0.18,0.14,0.16,28,0.386849959866,RETURNED,0.0567296961407,0.0243597408949,13,19,pop:sample:159
1,8,40,0.386849959866,8,1.1,0.77,0.15,0.19,35,0.386849959866,RETURNED,0.0567296961407,0.0243597408949,13,19,pop:sample:169
1,8,40,0.341162981287,9,0.53,0.25,0.14,0.14,26,0.341162981287,RETURNED,0.0567296961407,0.0243597408949,13,19,pop:sample:183
1,8,40,0.348362582147,10,0.43,0.14,0.14,0.14,21,0.348362582147,RETURNED,0.0567296961407,0.0243597408949,13,19,pop:sample:187
1,8,40,0.341162981287,11,0.87,0.17,0.14,0.56,28,0.341162981287,RETURNED,0.0567296961407,0.0243597408949,13,19,pop:sample:192
1,8,40,0.309172001703,12,0.78,0.13,0.16,0.49,39,0.309172001703,RETURNED,0.0567296961407,0.0243597408949,13,19,pop:sample:200
1,8,40,0.277135705173,13,0.62,0.36,0.15,0.11,33,0.277135705173,RETURNED,0.0567296961407,0.0243597408949,13,19,pop:sample:213
1,8,40,0.274377011427,14,0.82,0.55,0.16,0.11,36,0.274377011427,RETURNED,0.0567296961407,0.0243597408949,13,19,pop:sample:222
1,8,40,0.274377011427,15,0.43,0.15,0.15,0.13,32,0.274377011427,RETURNED,0.0567296961407,0.0243597408949,13,19,pop:sample:233
1,8,40,0.275895256512,16,1.22,0.24,0.15,0.83,30,0.275895256512,RETURNED,0.0567296961407,0.0243597408949,13,19,pop:sample:235
1,8,40,0.262201230214,17,0.37,0.13,0.15,0.09,33,0.262201230214,RETURNED,0.0567296961407,0.0243597408949,13,19,pop:sample:249
1,8,40,0.274325084505,18,0.58,0.16,0.16,0.27,40,0.274325084505,RETURNED,0.0567296961407,0.0243597408949,13,19,pop:sample:255
1,8,40,0.256696299808,19,0.38,0.14,0.15,0.09,36,0.256696299808,RETURNED,0.0567296961407,0.0243597408949,13,19,pop:sample:264
1,9,40,306.902480588,0,0.83,0.24,0.08,0.51,331,309.206996356,RETURNED,0.782511734797,0.0318320145926,18,22,pop:sample:78
1,9,40,0.571745518704,1,1.28,0.16,0.38,0.74,326,0.628534345166,RETURNED,0.782511734797,0.0318320145926,18,22,pop:sample:94
1,9,40,0.523113756318,2,0.65,0.17,0.38,0.1,340,0.496140111719,RETURNED,0.782511734797,0.0318320145926,18,22,pop:sample:118
1,9,40,0.493475791676,3,1.33,0.79,0.38,0.16,344,0.502975015098,RETURNED,0.782511734797,0.0318320145926,18,22,pop:sample:129
1,9,40,0.420605460363,4,0.83,0.22,0.38,0.24,324,0.422914018666,RETURNED,0.782511734797,0.0318320145926,18,22,pop:sample:148
1,9,40,0.438096338628,5,1.04,0.29,0.37,0.37,320,0.401391643598,RETURNED,0.782511734797,0.0318320145926,18,22,pop:sample:162
1,9,40,0.381274776681,6,1.8,1.29,0.38,0.14,330,0.341162981287,RETURNED,0.782511734797,0.0318320145926,18,22,pop:sample:178
1,9,40,0.348927007909,7,1.19,0.17,0.39,0.63,338,0.309172001703,RETURNED,0.782511734797,0.0318320145926,18,22,pop:sample:195
1,9,40,0.370642158278,8,1.45,0.47,0.38,0.6,336,0.33145710705,RETURNED,0.782511734797,0.0318320145926,18,22,pop:sample:210
1,9,40,0.367894983748,9,0.88,0.28,0.4,0.2,340,0.274566060108,RETURNED,0.782511734797,0.0318320145926,18,22,pop:sample:230
1,9,40,0.324869111053,10,0.79,0.29,0.38,0.12,328,0.274377011427,RETURNED,0.782511734797,0.0318320145926,18,22,pop:sample:240
1,9,40,0.303784399867,11,0.75,0.25,0.38,0.13,316,0.258673734313,RETURNED,0.782511734797,0.0318320145926,18,22,pop:sample:247
1,9,40,0.319512127025,12,0.96,0.45,0.38,0.13,335,0.272094965057,RETURNED,0.782511734797,0.0318320145926,18,22,pop:sample:259
1,9,40,0.328905334708,13,1.9,0.9,0.39,0.61,339,0.274377011427,RETURNED,0.782511734797,0.0318320145926,18,22,pop:sample:272
1,9,40,0.319911473495,14,1.0,0.43,0.39,0.19,341,0.251670387451,RETURNED,0.782511734797,0.0318320145926,18,22,pop:sample:288
1,9,40,0.324448068044,15,1.18,0.65,0.4,0.13,328,0.249637548809,RETURNED,0.782511734797,0.0318320145926,18,22,pop:sample:295
1,9,40,0.336707695041,16,1.41,0.61,0.39,0.41,336,0.302474435935,RETURNED,0.782511734797,0.0318320145926,18,22,pop:sample:303
1,9,40,0.236562204043,17,0.9,0.36,0.39,0.15,327,0.24301771666,RETURNED,0.782511734797,0.0318320145926,18,22,pop:sample:309
1,9,40,0.282160597702,18,0.93,0.4,0.38,0.16,320,0.245259702548,RETURNED,0.782511734797,0.0318320145926,18,22,pop:sample:313
1,9,40,0.278703093153,19,0.76,0.17,0.37,0.22,329,0.24301771666,RETURNED,0.782511734797,0.0318320145926,18,22,pop:sample:316
1,10,40,308.636704366,0,0.81,0.61,0.08,0.11,401,309.931576431,RETURNED,0.0495966850131,0.766234263991,20,24,pop:sample:71
1,10,40,0.544489244657,1,0.56,0.2,0.25,0.11,413,0.579212197794,RETURNED,0.0495966850131,0.766234263991,20,24,pop:sample:89
1,10,40,0.502843835565,2,1.16,0.64,0.3,0.22,407,0.535086600694,RETURNED,0.0495966850131,0.766234263991,20,24,pop:sample:102
1,10,40,0.434347272095,3,0.83,0.34,0.36,0.13,386,0.497365078587,RETURNED,0.0495966850131,0.766234263991,20,24,pop:sample:124
1,10,40,0.395058335975,4,1.81,1.07,0.35,0.39,393,0.430272181119,RETURNED,0.0495966850131,0.766234263991,20,24,pop:sample:136
1,10,40,0.341162981287,5,0.99,0.3,0.36,0.34,396,0.392115369768,RETURNED,0.0495966850131,0.766234263991,20,24,pop:sample:164
1,10,40,0.330273176854,6,1.01,0.46,0.35,0.2,402,0.338909900345,RETURNED,0.0495966850131,0.766234263991,20,24,pop:sample:177
1,10,40,0.309172001703,7,0.83,0.19,0.36,0.29,391,0.32025553205,RETURNED,0.0495966850131,0.766234263991,20,24,pop:sample:186
1,10,40,0.30384924202,8,0.72,0.22,0.36,0.14,414,0.33007465099,RETURNED,0.0495966850131,0.766234263991,20,24,pop:sample:197
1,10,40,0.313916028254,9,1.17,0.19,0.35,0.63,408,0.319669173958,RETURNED,0.0495966850131,0.766234263991,20,24,pop:sample:205
1,10,40,0.2688873757,10,0.69,0.18,0.36,0.15,370,0.277135705173,RETURNED,0.0495966850131,0.766234263991,20,24,pop:sample:221
1,10,40,0.262201230214,11,0.86,0.31,0.35,0.2,399,0.269145897893,RETURNED,0.0495966850131,0.766234263991,20,24,pop:sample:231
1,10,40,0.258673734313,12,0.76,0.19,0.35,0.22,394,0.265926755572,RETURNED,0.0495966850131,0.766234263991,20,24,pop:sample:239
1,10,40,0.250482370636,13,0.99,0.28,0.35,0.37,396,0.257992200058,RETURNED,0.0495966850131,0.766234263991,20,24,pop:sample:248
1,10,40,0.258623665929,14,1.47,0.45,0.37,0.65,391,0.258623665929,RETURNED,0.0495966850131,0.766234263991,20,24,pop:sample:261
1,10,40,0.249637548809,15,1.33,0.17,0.37,0.79,427,0.249637548809,RETURNED,0.0495966850131,0.766234263991,20,24,pop:sample:277
1,10,40,0.241402596903,16,1.01,0.46,0.35,0.2,375,0.248502334997,RETURNED,0.0495966850131,0.766234263991,20,24,pop:sample:289
1,10,40,0.243407562614,17,0.97,0.28,0.37,0.32,398,0.243407562614,RETURNED,0.0495966850131,0.766234263991,20,24,pop:sample:297
1,10,40,0.241722224853,18,0.78,0.21,0.35,0.21,399,0.241722224853,RETURNED,0.0495966850131,0.766234263991,20,24,pop:sample:302
1,10,40,0.245259702548,19,0.73,0.22,0.35,0.16,399,0.245259702548,RETURNED,0.0495966850131,0.766234263991,20,24,pop:sample:305
1,11,40,308.633866629,0,0.66,0.17,0.03,0.45,176,309.04681994,RETURNED,0.502133832929,0.984840290074,18,9,pop:sample:77
1,11,40,0.601185390809,1,0.47,0.21,0.12,0.14,180,0.658479981794,RETURNED,0.502133832929,0.984840290074,18,9,pop:sample:87
1,11,40,0.559038261492,2,0.51,0.16,0.15,0.2,180,0.609117531467,RETURNED,0.502133832929,0.984840290074,18,9,pop:sample:100
1,11,40,0.461951059216,3,0.57,0.15,0.14,0.27,179,0.502419701688,RETURNED,0.502133832929,0.984840290074,18,9,pop:sample:111
1,11,40,0.424685634298,4,0.98,0.67,0.15,0.16,180,0.470806273576,RETURNED,0.502133832929,0.984840290074,18,9,pop:sample:120
1,11,40,0.431248190861,5,0.53,0.18,0.15,0.2,180,0.445718361429,RETURNED,0.502133832929,0.984840290074,18,9,pop:sample:135
1,11,40,0.413055116218,6,1.3,0.67,0.15,0.47,180,0.414187053299,RETURNED,0.502133832929,0.984840290074,18,9,pop:sample:144
1,11,40,0.3479186192,7,1.02,0.28,0.15,0.59,177,0.392090659546,RETURNED,0.502133832929,0.984840290074,18,9,pop:sample:165
1,11,40,0.34762235376,8,0.65,0.22,0.16,0.27,180,0.354651963312,RETURNED,0.502133832929,0.984840290074,18,9,pop:sample:180
1,11,40,0.341968696538,9,0.46,0.16,0.15,0.15,174,0.341968696538,RETURNED,0.502133832929,0.984840290074,18,9,pop:sample:184
1,11,40,0.319861718841,10,1.42,1.13,0.16,0.14,180,0.334646871474,RETURNED,0.502133832929,0.984840290074,18,9,pop:sample:189
1,11,40,0.273571342945,11,0.49,0.2,0.16,0.14,179,0.293944967047,RETURNED,0.502133832929,0.984840290074,18,9,pop:sample:206
1,11,40,0.289500525566,12,0.49,0.18,0.16,0.16,179,0.309087162245,RETURNED,0.502133832929,0.984840290074,18,9,pop:sample:212
1,11,40,0.284865289568,13,1.46,0.74,0.16,0.56,179,0.301577473122,RETURNED,0.502133832929,0.984840290074,18,9,pop:sample:220
1,11,40,0.274566060108,14,1.52,1.22,0.17,0.13,180,0.274566060108,RETURNED,0.502133832929,0.984840290074,18,9,pop:sample:237
1,11,40,0.253994113561,15,0.81,0.2,0.15,0.46,180,0.258904975132,RETURNED,0.502133832929,0.984840290074,18,9,pop:sample:254
1,11,40,0.272024373856,16,0.46,0.18,0.15,0.13,179,0.272858875823,RETURNED,0.502133832929,0.984840290074,18,9,pop:sample:265
1,11,40,0.2501350256,17,0.48,0.19,0.15,0.14,180,0.258673734313,RETURNED,0.502133832929,0.984840290074,18,9,pop:sample:271
1,11,40,0.258439684521,18,0.52,0.16,0.17,0.2,180,0.258623665929,RETURNED,0.502133832929,0.984840290074,18,9,pop:sample:276
1,11,40,0.245549980187,19,0.5,0.19,0.15,0.17,180,0.249637548809,RETURNED,0.502133832929,0.984840290074,18,9,pop:sample:284
1,12,40,623.885658653,0,0.26,0.14,0.04,0.08,158,628.301208429,RETURNED,0.498765985781,0.478624769562,16,13,pop:sample:1
1,12,40,574.787012406,1,0.34,0.18,0.04,0.13,171,576.063815883,RETURNED,0.498765985781,0.478624769562,16,13,pop:sample:4
1,12,40,515.36677484,2,0.28,0.11,0.04,0.12,165,516.291281627,RETURNED,0.498765985781,0.478624769562,16,13,pop:sample:8
1,12,40,402.468579215,3,0.25,0.12,0.04,0.1,171,403.876774109,RETURNED,0.498765985781,0.478624769562,16,13,pop:sample:10
1,12,40,332.266213221,4,0.29,0.12,0.04,0.12,156,333.462114367,RETURNED,0.498765985781,0.478624769562,16,13,pop:sample:14
1,12,40,324.626052429,5,0.3,0.13,0.04,0.12,183,325.740549058,RETURNED,0.498765985781,0.478624769562,16,13,pop:sample:17
1,12,40,323.980160188,6,0.36,0.22,0.04,0.1,178,324.722661386,RETURNED,0.498765985781,0.478624769562,16,13,pop:sample:21
1,12,40,322.26126,7,0.27,0.13,0.04,0.1,161,323.372689208,RETURNED,0.498765985781,0.478624769562,16,13,pop:sample:25
1,12,40,321.472601743,8,0.27,0.12,0.04,0.1,176,322.308878336,RETURNED,0.498765985781,0.478624769562,16,13,pop:sample:26
1,12,40,319.022436174,9,0.28,0.12,0.04,0.12,166,320.282068197,RETURNED,0.498765985781,0.478624769562,16,13,pop:sample:31
1,12,40,317.599238236,10,0.33,0.18,0.04,0.11,170,318.888665159,RETURNED,0.498765985781,0.478624769562,16,13,pop:sample:35
1,12,40,316.502504465,11,0.3,0.16,0.04,0.1,166,317.533119917,RETURNED,0.498765985781,0.478624769562,16,13,pop:sample:40
1,12,40,315.516006068,12,0.28,0.15,0.04,0.09,169,316.524631516,RETURNED,0.498765985781,0.478624769562,16,13,pop:sample:44
1,12,40,314.348499006,13,0.26,0.09,0.04,0.13,171,315.606937814,RETURNED,0.498765985781,0.478624769562,16,13,pop:sample:48
1,12,40,313.366638226,14,0.3,0.1,0.04,0.16,167,314.66548871,RETURNED,0.498765985781,0.478624769562,16,13,pop:sample:52
1,12,40,312.41037864,15,0.54,0.38,0.04,0.11,163,313.559653691,RETURNED,0.498765985781,0.478624769562,16,13,pop:sample:62
1,12,40,307.941543781,16,0.69,0.34,0.04,0.31,177,309.086876705,RETURNED,0.498765985781,0.478624769562,16,13,pop:sample:70
1,12,40,0.5974803524,17,0.54,0.26,0.15,0.13,167,0.666427185372,RETURNED,0.498765985781,0.478624769562,16,13,pop:sample:85
1,12,40,0.493533463207,18,0.41,0.14,0.15,0.12,169,0.520461356058,RETURNED,0.498765985781,0.478624769562,16,13,pop:sample:98
1,12,40,0.513153049765,19,0.94,0.63,0.19,0.12,163,0.558358133275,RETURNED,0.498765985781,0.478624769562,16,13,pop:sample:109
1,13,40,516.341888572,0,0.27,0.16,0.03,0.08,147,517.117955994,RETURNED,0.741287423024,0.924529537774,19,7,pop:sample:3
1,13,40,404.96119202,1,0.34,0.13,0.03,0.18,146,511.367798112,RETURNED,0.741287423024,0.924529537774,19,7,pop:sample:5
1,13,40,326.425711641,2,0.31,0.17,0.03,0.1,149,413.591653961,RETURNED,0.741287423024,0.924529537774,19,7,pop:sample:9
1,13,40,335.214808809,3,0.49,0.29,0.03,0.17,148,335.884492107,RETURNED,0.741287423024,0.924529537774,19,7,pop:sample:13
1,13,40,331.631198034,4,0.42,0.27,0.03,0.12,150,332.378112266,RETURNED,0.741287423024,0.924529537774,19,7,pop:sample:18
1,13,40,321.6733066,5,0.5,0.38,0.03,0.09,148,324.640746197,RETURNED,0.741287423024,0.924529537774,19,7,pop:sample:22
1,13,40,320.385823538,6,0.29,0.15,0.03,0.11,148,321.05309059,RETURNED,0.741287423024,0.924529537774,19,7,pop:sample:27
1,13,40,318.796550465,7,0.34,0.22,0.03,0.09,150,319.553281123,RETURNED,0.741287423024,0.924529537774,19,7,pop:sample:32
1,13,40,318.455484469,8,0.33,0.18,0.03,0.12,149,319.031612223,RETURNED,0.741287423024,0.924529537774,19,7,pop:sample:37
1,13,40,317.062646863,9,0.25,0.14,0.03,0.09,148,317.577037465,RETURNED,0.741287423024,0.924529537774,19,7,pop:sample:42
1,13,40,316.027766424,10,0.31,0.2,0.03,0.08,148,316.738935516,RETURNED,0.741287423024,0.924529537774,19,7,pop:sample:46
1,13,40,314.880766428,11,0.27,0.13,0.03,0.1,146,315.454896958,RETURNED,0.741287423024,0.924529537774,19,7,pop:sample:51
1,13,40,313.552632504,12,0.43,0.32,0.03,0.09,150,314.308085965,RETURNED,0.741287423024,0.924529537774,19,7,pop:sample:55
1,13,40,310.833541391,13,0.44,0.32,0.03,0.09,148,311.631947888,RETURNED,0.741287423024,0.924529537774,19,7,pop:sample:65
1,13,40,308.126995399,14,0.7,0.12,0.03,0.55,148,308.835309576,RETURNED,0.741287423024,0.924529537774,19,7,pop:sample:74
1,13,40,0.619222343819,15,0.47,0.15,0.12,0.2,148,0.671735280728,RETURNED,0.741287423024,0.924529537774,19,7,pop:sample:86
1,13,40,0.543740620876,16,0.46,0.16,0.12,0.17,147,0.575865519394,RETURNED,0.741287423024,0.924529537774,19,7,pop:sample:99
1,13,40,0.505277389604,17,0.6,0.19,0.12,0.29,147,0.517159813052,RETURNED,0.741287423024,0.924529537774,19,7,pop:sample:110
1,13,40,0.490274968479,18,1.13,0.87,0.13,0.14,145,0.490274968479,RETURNED,0.741287423024,0.924529537774,19,7,pop:sample:121
1,13,40,0.425203270365,19,1.51,1.02,0.14,0.35,150,0.424075995865,RETURNED,0.741287423024,0.924529537774,19,7,pop:sample:139
1,14,40,580.632640424,0,0.42,0.25,0.05,0.13,219,646.156186298,RETURNED,0.826588964138,0.641174954697,19,11,pop:sample:2
1,14,40,458.843208665,1,0.4,0.24,0.05,0.11,212,568.322533875,RETURNED,0.826588964138,0.641174954697,19,11,pop:sample:6
1,14,40,392.139137963,2,0.36,0.22,0.05,0.09,218,401.852425703,RETURNED,0.826588964138,0.641174954697,19,11,pop:sample:12
1,14,40,359.506675098,3,0.46,0.18,0.05,0.24,208,361.058288779,RETURNED,0.826588964138,0.641174954697,19,11,pop:sample:16
1,14,40,323.247402125,4,0.33,0.17,0.05,0.12,208,324.481437059,RETURNED,0.826588964138,0.641174954697,19,11,pop:sample:20
1,14,40,321.718536002,5,0.51,0.34,0.05,0.13,218,322.382338046,RETURNED,0.826588964138,0.641174954697,19,11,pop:sample:24
1,14,40,319.214417253,6,0.27,0.13,0.05,0.09,214,321.622148705,RETURNED,0.826588964138,0.641174954697,19,11,pop:sample:29
1,14,40,318.352729827,7,0.45,0.28,0.05,0.13,216,319.271892187,RETURNED,0.826588964138,0.641174954697,19,11,pop:sample:33
1,14,40,316.701115617,8,0.31,0.14,0.05,0.12,211,317.708808262,RETURNED,0.826588964138,0.641174954697,19,11,pop:sample:39
1,14,40,315.550939098,9,0.29,0.16,0.05,0.09,213,316.833104876,RETURNED,0.826588964138,0.641174954697,19,11,pop:sample:45
1,14,40,314.527755459,10,0.39,0.26,0.05,0.08,211,315.521257538,RETURNED,0.826588964138,0.641174954697,19,11,pop:sample:50
1,14,40,312.474944057,11,0.64,0.3,0.05,0.29,209,313.617111653,RETURNED,0.826588964138,0.641174954697,19,11,pop:sample:56
1,14,40,308.941823977,12,0.57,0.16,0.05,0.36,212,310.028582045,RETURNED,0.826588964138,0.641174954697,19,11,pop:sample:69
1,14,40,0.545211657792,13,0.52,0.17,0.19,0.16,215,0.590679354746,RETURNED,0.826588964138,0.641174954697,19,11,pop:sample:81
1,14,40,0.543944778295,14,1.12,0.2,0.21,0.7,207,0.573197369832,RETURNED,0.826588964138,0.641174954697,19,11,pop:sample:95
1,14,40,0.523220003113,15,0.62,0.26,0.2,0.16,214,0.544489244657,RETURNED,0.826588964138,0.641174954697,19,11,pop:sample:114
1,14,40,0.47753859416,16,1.35,0.94,0.21,0.2,216,0.490182517568,RETURNED,0.826588964138,0.641174954697,19,11,pop:sample:127
1,14,40,0.484308793211,17,1.29,0.64,0.21,0.43,218,0.512624611431,RETURNED,0.826588964138,0.641174954697,19,11,pop:sample:145
1,14,40,0.428015176335,18,0.96,0.26,0.21,0.49,211,0.393464100832,RETURNED,0.826588964138,0.641174954697,19,11,pop:sample:166
1,14,40,0.394977713169,19,0.72,0.25,0.22,0.24,218,0.371775684031,RETURNED,0.826588964138,0.641174954697,19,11,pop:sample:181
1,15,40,430.227176825,0,0.31,0.15,0.02,0.14,44,430.388713845,RETURNED,0.072934374917,0.0248510771781,24,5,pop:sample:7
1,15,40,410.757260261,1,0.29,0.15,0.02,0.13,41,411.239606934,RETURNED,0.072934374917,0.0248510771781,24,5,pop:sample:11
1,15,40,335.823068646,2,0.51,0.16,0.02,0.34,30,335.823068646,RETURNED,0.072934374917,0.0248510771781,24,5,pop:sample:15
1,15,40,332.531393529,3,0.35,0.16,0.02,0.17,33,332.580841565,RETURNED,0.072934374917,0.0248510771781,24,5,pop:sample:19
1,15,40,323.057250109,4,0.47,0.31,0.02,0.14,38,323.247402125,RETURNED,0.072934374917,0.0248510771781,24,5,pop:sample:23
1,15,40,321.695322273,5,0.35,0.21,0.02,0.12,33,321.732218688,RETURNED,0.072934374917,0.0248510771781,24,5,pop:sample:28
1,15,40,319.100034837,6,0.38,0.21,0.02,0.15,34,319.196552037,RETURNED,0.072934374917,0.0248510771781,24,5,pop:sample:34
1,15,40,318.762757845,7,0.3,0.18,0.02,0.11,31,318.796550465,RETURNED,0.072934374917,0.0248510771781,24,5,pop:sample:38
1,15,40,316.740599929,8,0.34,0.2,0.02,0.13,32,316.740599929,RETURNED,0.072934374917,0.0248510771781,24,5,pop:sample:43
1,15,40,315.374522294,9,0.29,0.14,0.02,0.14,35,315.577631788,RETURNED,0.072934374917,0.0248510771781,24,5,pop:sample:49
1,15,40,314.95552378,10,0.26,0.14,0.02,0.1,38,315.103688985,RETURNED,0.072934374917,0.0248510771781,24,5,pop:sample:54
1,15,40,311.519215829,11,0.76,0.53,0.02,0.21,37,311.633616976,RETURNED,0.072934374917,0.0248510771781,24,5,pop:sample:64
1,15,40,0.558358133275,12,1.3,1.05,0.07,0.18,33,0.558358133275,RETURNED,0.072934374917,0.0248510771781,24,5,pop:sample:93
1,15,40,0.558358133275,13,1.16,0.88,0.07,0.2,32,0.558358133275,RETURNED,0.072934374917,0.0248510771781,24,5,pop:sample:103
1,15,40,0.478583368186,14,0.52,0.23,0.08,0.21,37,0.478583368186,RETURNED,0.072934374917,0.0248510771781,24,5,pop:sample:126
1,15,40,0.433900820759,15,1.3,0.22,0.07,1.0,35,0.433900820759,RETURNED,0.072934374917,0.0248510771781,24,5,pop:sample:133
1,15,40,0.413704079121,16,0.75,0.31,0.07,0.36,32,0.413704079121,RETURNED,0.072934374917,0.0248510771781,24,5,pop:sample:150
1,15,40,0.386849959866,17,0.99,0.4,0.08,0.51,32,0.386849959866,RETURNED,0.072934374917,0.0248510771781,24,5,pop:sample:163
1,15,40,0.342831305813,18,1.64,1.34,0.08,0.22,40,0.342831305813,RETURNED,0.072934374917,0.0248510771781,24,5,pop:sample:179
1,15,40,0.301041814472,19,1.8,1.07,0.07,0.65,31,0.309172001703,RETURNED,0.072934374917,0.0248510771781,24,5,pop:sample:194
