0,105.13,0.64,0.50,24,18
0,0,256,3801.87708094,0,1.78,0.21,0.55,1.01,371,3995.90853343,RETURNED
0,0,256,3454.76743445,1,1.15,0.5,0.4,0.25,372,3461.58680176,RETURNED
0,0,256,0.563694430342,2,0.9,0.21,0.38,0.31,381,0.671495870146,RETURNED
0,0,256,0.528640201928,3,0.93,0.29,0.4,0.23,374,0.575752016059,RETURNED
0,0,256,0.442442021278,4,1.09,0.37,0.41,0.31,380,0.48891686996,RETURNED
0,0,256,0.430897605798,5,0.98,0.26,0.42,0.3,373,0.436617114034,RETURNED
0,0,256,0.383827788817,6,1.04,0.33,0.44,0.27,384,0.41263517976,RETURNED
0,0,256,0.353187333223,7,1.06,0.23,0.39,0.43,365,0.39002632187,RETURNED
0,0,256,0.323887324599,8,2.62,1.74,0.41,0.47,389,0.329400494144,RETURNED
0,0,256,0.310682265143,9,2.27,0.45,0.41,1.42,373,0.316443181407,RETURNED
0,0,256,0.262358715847,10,2.17,1.59,0.41,0.18,390,0.271611947253,RETURNED
0,0,256,0.258984748923,11,2.88,0.27,0.4,2.22,362,0.266778617786,RETURNED
0,0,256,0.222231407349,12,1.26,0.47,0.4,0.39,391,0.253801576133,RETURNED
0,0,256,0.193746234763,13,1.19,0.54,0.44,0.21,369,0.206844445208,RETURNED
0,0,256,0.213180386909,14,1.02,0.38,0.41,0.23,387,0.210033576922,RETURNED
0,1,256,3705.58258256,0,0.94,0.23,0.49,0.22,379,3929.23224791,RETURNED
0,1,256,3323.51440006,1,1.32,0.6,0.42,0.29,376,3571.68470779,RETURNED
0,1,256,0.544676003339,2,1.32,0.21,0.38,0.74,376,0.684582866693,RETURNED
0,1,256,0.512750861007,3,1.03,0.22,0.39,0.42,387,0.567291748265,RETURNED
0,1,256,0.429949463655,4,0.83,0.2,0.39,0.23,377,0.456551300325,RETURNED
0,1,256,0.434200114597,5,1.32,0.57,0.41,0.33,389,0.474282255268,RETURNED
0,1,256,0.337529046305,6,1.23,0.58,0.4,0.24,379,0.361668672056,RETURNED
0,1,256,0.313951530412,7,0.87,0.29,0.4,0.17,356,0.334047707465,RETURNED
0,1,256,0.310486179878,8,2.35,1.56,0.4,0.38,367,0.338444088312,RETURNED
0,1,256,0.279098069856,9,2.2,0.33,0.4,1.46,372,0.316224280021,RETURNED
0,1,256,0.242746013035,10,1.15,0.46,0.42,0.27,371,0.25989637017,RETURNED
0,1,256,0.247093885429,11,1.12,0.39,0.41,0.32,370,0.25989637017,RETURNED
0,1,256,0.252619057692,12,0.95,0.3,0.41,0.25,363,0.26140963167,RETURNED
0,1,256,0.255706081644,13,2.6,1.96,0.41,0.22,388,0.224997466735,RETURNED
0,1,256,0.211295672968,14,1.06,0.37,0.41,0.29,374,0.218345633323,RETURNED
0,2,256,3676.22168757,0,1.83,0.32,0.43,1.09,384,3777.22719331,RETURNED
0,2,256,0.567682483693,1,0.92,0.32,0.34,0.27,384,0.609630052759,RETURNED
0,2,256,0.502354423968,2,1.13,0.36,0.39,0.38,370,0.581763873886,RETURNED
0,2,256,0.473573504719,3,1.17,0.36,0.41,0.4,373,0.486113025639,RETURNED
0,2,256,0.39416531752,4,1.29,0.5,0.4,0.39,381,0.430958813126,RETURNED
0,2,256,0.368933476979,5,26.5,0.47,0.41,25.62,375,0.398394470883,RETURNED
0,2,256,0.165827401456,6,0.97,0.22,0.4,0.35,356,0.172760350141,RETURNED
0,2,256,0.174052353124,7,3.37,0.46,0.39,2.52,366,0.163700365738,RETURNED
0,2,256,0.180674184779,8,0.9,0.29,0.4,0.2,391,0.185888652467,RETURNED
0,2,256,0.205759164976,9,1.18,0.26,0.41,0.51,398,0.195073938557,RETURNED
0,2,256,0.166078424,10,0.97,0.29,0.4,0.28,385,0.171185628183,RETURNED
0,2,256,0.158489705511,11,0.98,0.32,0.4,0.26,374,0.170271647218,RETURNED
0,2,256,0.176203797988,12,1.47,0.18,0.4,0.89,380,0.167379430716,RETURNED
0,2,256,0.172339995715,13,0.89,0.34,0.4,0.16,372,0.172760350141,RETURNED
0,2,256,0.167171122676,14,0.85,0.18,0.4,0.26,386,0.171717810548,RETURNED
0,3,256,3344.41488672,0,0.97,0.29,0.41,0.27,383,3375.26233628,RETURNED
0,3,256,0.489227282305,1,1.8,1.09,0.41,0.3,379,0.556972994042,RETURNED
0,3,256,0.457723483987,2,1.18,0.28,0.42,0.48,388,0.50997087724,RETURNED
0,3,256,0.380803894276,3,3.54,2.71,0.41,0.42,369,0.403722239137,RETURNED
0,3,256,0.340003398962,4,1.44,0.52,0.41,0.5,399,0.344844474101,RETURNED
0,3,256,0.312847458334,5,0.82,0.23,0.41,0.18,387,0.330386055039,RETURNED
0,3,256,0.270128983771,6,1.02,0.21,0.41,0.4,382,0.285611476416,RETURNED
0,3,256,0.247346142437,7,1.2,0.35,0.41,0.44,383,0.246959317804,RETURNED
0,3,256,0.266778617786,8,1.08,0.34,0.42,0.33,374,0.266778617786,RETURNED
0,3,256,0.238010088842,9,3.23,2.54,0.41,0.28,385,0.260201871656,RETURNED
0,3,256,0.244994765619,10,1.88,1.27,0.41,0.21,377,0.246145356127,RETURNED
0,3,256,0.243549576152,11,0.84,0.2,0.42,0.22,389,0.240747285145,RETURNED
0,3,256,0.21731240894,12,1.77,1.14,0.41,0.22,400,0.218345633323,RETURNED
0,3,256,0.208292085069,13,1.21,0.41,0.41,0.38,373,0.211779925363,RETURNED
0,3,256,0.189836794798,14,1.26,0.22,0.43,0.61,389,0.234362194564,RETURNED
0,4,256,3660.37240421,0,1.57,0.2,0.43,0.94,374,3830.0901355,RETURNED
0,4,256,0.510106974931,1,3.04,2.32,0.41,0.31,380,0.562535270049,RETURNED
0,4,256,0.461598267732,2,6.32,0.29,0.41,5.62,395,0.472262975987,RETURNED
0,4,256,0.279953626376,3,0.85,0.21,0.41,0.24,370,0.283281251357,RETURNED
0,4,256,0.284052037369,4,1.93,0.33,0.39,1.21,363,0.299881877076,RETURNED
0,4,256,0.267188201822,5,0.95,0.23,0.41,0.31,364,0.266561838536,RETURNED
0,4,256,0.246145356127,6,1.17,0.43,0.41,0.33,377,0.275143664858,RETURNED
0,4,256,0.238860943264,7,1.01,0.22,0.43,0.37,397,0.262415544609,RETURNED
0,4,256,0.236228568584,8,2.09,0.4,0.4,1.29,382,0.24918735289,RETURNED
0,4,256,0.23295787576,9,1.09,0.27,0.4,0.42,364,0.235531734684,RETURNED
0,4,256,0.211952504538,10,1.98,1.06,0.42,0.5,389,0.217276768802,RETURNED
0,4,256,0.185256979298,11,1.93,1.33,0.42,0.19,373,0.205400535157,RETURNED
0,4,256,0.192276595228,12,1.93,0.29,0.44,1.19,384,0.188693784829,RETURNED
0,4,256,0.197019781838,13,0.9,0.18,0.42,0.3,371,0.192276595228,RETURNED
0,4,256,0.185212335344,14,1.85,1.17,0.42,0.26,383,0.185888652467,RETURNED
0,5,256,0.608996327595,0,1.93,1.15,0.37,0.41,377,0.718483900025,RETURNED
0,5,256,0.488071420939,1,0.99,0.28,0.4,0.31,381,0.535884600442,RETURNED
0,5,256,0.453195918928,2,1.1,0.4,0.4,0.3,374,0.476926722542,RETURNED
0,5,256,0.334375350546,3,1.96,0.77,0.42,0.77,374,0.375497412789,RETURNED
0,5,256,0.266622436361,4,6.09,5.32,0.4,0.38,369,0.267035451666,RETURNED
0,5,256,0.245490085547,5,3.07,2.37,0.41,0.29,397,0.269444359618,RETURNED
0,5,256,0.2566771622,6,0.96,0.24,0.4,0.31,372,0.244976504676,RETURNED
0,5,256,0.239928535116,7,1.18,0.47,0.41,0.3,400,0.242765358141,RETURNED
0,5,256,0.232275942767,8,0.99,0.31,0.41,0.27,365,0.252619057692,RETURNED
0,5,256,0.219281575806,9,1.33,0.34,0.45,0.54,374,0.230938186625,RETURNED
0,5,256,0.185888652467,10,1.11,0.41,0.44,0.27,379,0.193829508313,RETURNED
0,5,256,0.205571404707,11,0.85,0.25,0.43,0.17,386,0.210065989551,RETURNED
0,5,256,0.192934388194,12,1.14,0.35,0.41,0.37,380,0.193829508313,RETURNED
0,5,256,0.176730717165,13,1.74,0.23,0.43,1.08,364,0.18118677426,RETURNED
0,5,256,0.171717810548,14,1.0,0.29,0.41,0.29,367,0.171738177947,RETURNED
0,6,256,0.536610398226,0,1.26,0.69,0.39,0.18,390,0.669303731892,RETURNED
0,6,256,0.479516538323,1,1.05,0.32,0.4,0.33,387,0.536610398226,RETURNED
0,6,256,0.429979920927,2,2.69,0.22,0.4,2.07,374,0.513674437791,RETURNED
0,6,256,0.400637778149,3,0.98,0.3,0.41,0.27,371,0.414558555514,RETURNED
0,6,256,0.351865352719,4,1.92,1.21,0.41,0.3,380,0.396968410817,RETURNED
0,6,256,0.283281251357,5,1.63,0.2,0.39,1.03,374,0.315081303094,RETURNED
0,6,256,0.267035451666,6,1.2,0.47,0.41,0.31,376,0.280368830349,RETURNED
0,6,256,0.26164648635,7,4.95,0.59,0.41,3.95,389,0.267167203001,RETURNED
0,6,256,0.224094769282,8,0.94,0.29,0.42,0.23,385,0.248223839223,RETURNED
0,6,256,0.226495506549,9,1.12,0.33,0.4,0.4,373,0.226607231362,RETURNED
0,6,256,0.210065989551,10,1.54,0.49,0.41,0.64,372,0.22372571935,RETURNED
0,6,256,0.203498917627,11,0.98,0.35,0.42,0.21,380,0.210065989551,RETURNED
0,6,256,0.196451164508,12,0.86,0.18,0.42,0.26,374,0.204443454542,RETURNED
0,6,256,0.179301735026,13,1.03,0.31,0.42,0.3,380,0.201289163956,RETURNED
0,6,256,0.197330102606,14,1.62,0.56,0.43,0.64,389,0.197896584018,RETURNED
0,7,256,3391.82542618,0,0.83,0.22,0.4,0.2,373,3398.20411304,RETURNED
0,7,256,0.583805515808,1,1.46,0.85,0.38,0.23,385,0.682201860292,RETURNED
0,7,256,0.465910610601,2,0.78,0.15,0.41,0.22,381,0.504822927885,RETURNED
0,7,256,0.440966607804,3,1.04,0.3,0.4,0.34,381,0.482963139798,RETURNED
0,7,256,0.438383506788,4,0.98,0.41,0.42,0.15,391,0.461095572042,RETURNED
0,7,256,0.357216417176,5,1.53,0.83,0.42,0.29,372,0.360553268676,RETURNED
0,7,256,0.352506062838,6,0.8,0.22,0.41,0.17,386,0.374820763137,RETURNED
0,7,256,0.307105035843,7,2.54,1.52,0.42,0.6,387,0.35512889008,RETURNED
0,7,256,0.273596277986,8,0.94,0.21,0.41,0.32,367,0.280368830349,RETURNED
0,7,256,0.266607938227,9,0.93,0.24,0.4,0.29,370,0.267035451666,RETURNED
0,7,256,0.271319088071,10,1.79,0.9,0.41,0.48,390,0.279357957495,RETURNED
0,7,256,0.238448008824,11,0.93,0.26,0.41,0.26,378,0.255187956166,RETURNED
0,7,256,0.249089184764,12,1.16,0.49,0.4,0.27,365,0.262979280412,RETURNED
0,7,256,0.233875479066,13,2.36,1.62,0.4,0.35,372,0.240693317493,RETURNED
0,7,256,0.208640866663,14,0.94,0.24,0.43,0.27,384,0.225737730428,RETURNED
0,8,256,3367.96774322,0,1.14,0.39,0.4,0.36,375,3461.77365711,RETURNED
0,8,256,0.54946311049,1,1.06,0.18,0.37,0.52,374,0.635607750852,RETURNED
0,8,256,0.477125869,2,1.24,0.36,0.42,0.46,370,0.509108269589,RETURNED
0,8,256,0.402373629235,3,1.15,0.54,0.42,0.2,386,0.44072654782,RETURNED
0,8,256,0.350521555875,4,1.02,0.34,0.44,0.25,390,0.37106022336,RETURNED
0,8,256,0.345138830442,5,1.11,0.25,0.41,0.45,392,0.363445327113,RETURNED
0,8,256,0.302207950177,6,3.38,2.68,0.41,0.29,386,0.320623663684,RETURNED
0,8,256,0.278415455441,7,1.19,0.26,0.4,0.52,381,0.283281251357,RETURNED
0,8,256,0.259365603588,8,1.01,0.39,0.4,0.22,370,0.259123313998,RETURNED
0,8,256,0.248993034604,9,1.25,0.53,0.4,0.32,359,0.259365603588,RETURNED
0,8,256,0.251031815111,10,0.9,0.27,0.4,0.24,374,0.256150404014,RETURNED
0,8,256,0.23765304511,11,1.02,0.22,0.41,0.38,377,0.246145356127,RETURNED
0,8,256,0.23530816783,12,0.99,0.29,0.4,0.3,376,0.242914866829,RETURNED
0,8,256,0.225737730428,13,0.98,0.28,0.4,0.3,363,0.234481862472,RETURNED
0,8,256,0.218943619459,14,1.13,0.34,0.4,0.38,384,0.23615290078,RETURNED
0,9,256,0.542905916608,0,3.82,0.87,0.36,2.58,373,0.64655287287,RETURNED
0,9,256,0.405740847473,1,1.81,1.21,0.4,0.2,389,0.435068277177,RETURNED
0,9,256,0.347648234318,2,1.15,0.29,0.41,0.46,381,0.366307652752,RETURNED
0,9,256,0.294290048868,3,3.83,2.7,0.41,0.72,369,0.325447377545,RETURNED
0,9,256,0.274131056709,4,1.1,0.3,0.41,0.4,400,0.281873175861,RETURNED
0,9,256,0.260201871656,5,1.05,0.26,0.41,0.39,379,0.248205081555,RETURNED
0,9,256,0.259328053491,6,1.02,0.23,0.39,0.4,369,0.265756848168,RETURNED
0,9,256,0.286409452461,7,4.41,3.72,0.42,0.27,383,0.274281235191,RETURNED
0,9,256,0.218220618604,8,1.43,0.3,0.43,0.7,369,0.224314907525,RETURNED
0,9,256,0.207247451653,9,1.26,0.32,0.43,0.51,375,0.221779857899,RETURNED
0,9,256,0.18118677426,10,1.32,0.26,0.42,0.64,385,0.185888652467,RETURNED
0,9,256,0.178865091443,11,1.79,0.28,0.43,1.08,379,0.179301735026,RETURNED
0,9,256,0.189164895822,12,0.88,0.21,0.42,0.25,372,0.190028518507,RETURNED
0,9,256,0.176264280744,13,1.87,1.17,0.44,0.25,372,0.177850070356,RETURNED
0,9,256,0.201361625612,14,0.9,0.2,0.43,0.28,381,0.213250204979,RETURNED
0,10,256,3456.40556142,0,4.17,0.19,0.41,3.57,381,3462.47067034,RETURNED
0,10,256,0.422851957827,1,6.0,0.37,0.41,5.22,373,0.468326920118,RETURNED
0,10,256,0.263869603015,2,1.06,0.33,0.42,0.31,384,0.30365916694,RETURNED
0,10,256,0.276591905666,3,2.56,1.77,0.43,0.36,392,0.291411489308,RETURNED
0,10,256,0.252773139437,4,1.25,0.55,0.41,0.29,374,0.253587372428,RETURNED
0,10,256,0.254279427892,5,0.99,0.21,0.42,0.35,365,0.248344655675,RETURNED
0,10,256,0.272031608587,6,1.21,0.4,0.41,0.4,379,0.264071567423,RETURNED
0,10,256,0.255563584547,7,1.11,0.31,0.41,0.39,380,0.247093885429,RETURNED
0,10,256,0.234878284428,8,1.02,0.44,0.4,0.17,370,0.240747285145,RETURNED
0,10,256,0.215784413361,9,1.23,0.35,0.44,0.45,363,0.210065989551,RETURNED
0,10,256,0.21054737154,10,0.98,0.34,0.43,0.22,391,0.199412600014,RETURNED
0,10,256,0.198839822143,11,1.27,0.55,0.42,0.3,371,0.203498917627,RETURNED
0,10,256,0.206381688751,12,2.01,1.33,0.43,0.26,386,0.217925371545,RETURNED
0,10,256,0.199652702243,13,0.75,0.19,0.42,0.15,370,0.211240324037,RETURNED
0,10,256,0.167379430716,14,0.99,0.4,0.42,0.17,389,0.172760350141,RETURNED
0,11,256,0.573132488645,0,1.92,0.76,0.38,0.78,381,0.661387007679,RETURNED
0,11,256,0.525034481611,1,0.95,0.23,0.4,0.32,374,0.558275596315,RETURNED
0,11,256,0.430671026916,2,0.99,0.24,0.41,0.33,388,0.519175444563,RETURNED
0,11,256,0.405679434732,3,1.27,0.54,0.4,0.33,388,0.431880544293,RETURNED
0,11,256,0.354630813423,4,18.15,0.28,0.42,17.45,387,0.350521555875,RETURNED
0,11,256,0.196556484109,5,1.02,0.36,0.43,0.23,381,0.185256979298,RETURNED
0,11,256,0.172760350141,6,0.85,0.19,0.42,0.25,382,0.181164736986,RETURNED
0,11,256,0.182318369716,7,0.93,0.23,0.43,0.28,390,0.192934388194,RETURNED
0,11,256,0.183864335268,8,1.02,0.35,0.45,0.22,402,0.18849320274,RETURNED
0,11,256,0.18044852963,9,5.63,0.17,0.46,5.0,400,0.167693612612,RETURNED
0,11,256,0.190089303559,10,2.91,1.25,0.4,1.26,383,0.176730776919,RETURNED
0,11,256,0.180400872448,11,1.63,0.38,0.41,0.84,392,0.196628862278,RETURNED
0,11,256,0.159138314558,12,0.79,0.23,0.4,0.17,366,0.165827401456,RETURNED
0,11,256,0.182026257093,13,1.85,1.17,0.39,0.28,369,0.182889780031,RETURNED
0,11,256,0.180411834176,14,2.8,2.18,0.41,0.21,384,0.172760350141,RETURNED
0,12,256,4426.6168085,0,1.56,0.64,0.39,0.54,388,4742.9404659,RETURNED
0,12,256,4114.3801418,1,0.76,0.21,0.39,0.16,373,4303.2248297,RETURNED
0,12,256,3718.98411075,2,2.99,0.27,0.38,2.34,377,4099.06886478,RETURNED
0,12,256,0.494126794685,3,0.83,0.32,0.36,0.15,389,0.560767792502,RETURNED
0,12,256,0.456551300325,4,0.83,0.31,0.31,0.2,379,0.506696026922,RETURNED
0,12,256,0.442039282271,5,0.9,0.2,0.38,0.33,385,0.478488083015,RETURNED
0,12,256,0.366307652752,6,0.76,0.19,0.38,0.19,383,0.428127436535,RETURNED
0,12,256,0.353278841264,7,0.88,0.21,0.39,0.29,372,0.383252372519,RETURNED
0,12,256,0.362155176937,8,0.92,0.29,0.38,0.26,375,0.393484974794,RETURNED
0,12,256,0.332199626402,9,0.97,0.36,0.39,0.22,394,0.360655706849,RETURNED
0,12,256,0.324105231133,10,1.72,0.38,0.38,0.97,369,0.343064986694,RETURNED
0,12,256,0.295478790449,11,1.09,0.34,0.41,0.35,390,0.283281251357,RETURNED
0,12,256,0.254961215848,12,1.91,0.37,0.4,1.14,384,0.267035451666,RETURNED
0,12,256,0.263320731147,13,3.08,0.43,0.4,2.24,380,0.266622436361,RETURNED
0,12,256,0.236401417339,14,1.38,0.47,0.39,0.52,377,0.239435169682,RETURNED
0,13,256,4321.97308736,0,1.18,0.59,0.39,0.2,374,4936.54546454,RETURNED
0,13,256,4272.93633167,1,0.81,0.23,0.39,0.19,366,4322.48483871,RETURNED
0,13,256,4022.56565901,2,1.32,0.59,0.38,0.35,360,4174.50197406,RETURNED
0,13,256,3505.76314465,3,1.11,0.37,0.4,0.34,395,3682.1812816,RETURNED
0,13,256,0.54577212282,4,2.29,1.3,0.36,0.63,393,0.621085641073,RETURNED
0,13,256,0.438302818377,5,1.11,0.37,0.37,0.36,379,0.481525019727,RETURNED
0,13,256,0.389177594656,6,1.15,0.56,0.39,0.2,379,0.458249628391,RETURNED
0,13,256,0.350184093221,7,2.65,0.6,0.39,1.65,377,0.421102485856,RETURNED
0,13,256,0.316593225988,8,0.86,0.27,0.4,0.19,390,0.322062002688,RETURNED
0,13,256,0.285611476416,9,0.84,0.21,0.4,0.23,376,0.305368792388,RETURNED
0,13,256,0.313518045971,10,3.52,1.85,0.4,1.26,372,0.315781161917,RETURNED
0,13,256,0.294502783388,11,2.05,1.37,0.42,0.27,390,0.269010391569,RETURNED
0,13,256,0.242746013035,12,1.43,0.27,0.42,0.75,381,0.242746013035,RETURNED
0,13,256,0.237293306279,13,1.61,1.01,0.4,0.2,379,0.258116460324,RETURNED
0,13,256,0.238685368408,14,2.15,0.39,0.42,1.34,386,0.249089184764,RETURNED
0,14,256,4683.16868409,0,0.84,0.21,0.4,0.24,375,5091.34570722,RETURNED
0,14,256,4321.14739456,1,1.04,0.42,0.39,0.23,372,4620.82281799,RETURNED
0,14,256,3829.29491617,2,0.73,0.16,0.39,0.18,388,4121.27329212,RETURNED
0,14,256,3682.56719989,3,0.77,0.23,0.39,0.15,376,3791.76714636,RETURNED
0,14,256,3461.98279108,4,0.77,0.18,0.4,0.19,377,3661.77731437,RETURNED
0,14,256,3456.29637164,5,0.83,0.21,0.38,0.23,372,3462.17023135,RETURNED
0,14,256,0.605595862486,6,1.69,1.09,0.36,0.23,379,0.69527521754,RETURNED
0,14,256,0.461078620195,7,1.2,0.46,0.38,0.35,365,0.496684911721,RETURNED
0,14,256,0.398341696376,8,1.33,0.28,0.39,0.66,370,0.412468887342,RETURNED
0,14,256,0.368634001341,9,0.86,0.21,0.4,0.25,383,0.406249572491,RETURNED
0,14,256,0.349305127184,10,0.86,0.23,0.38,0.25,373,0.349305127184,RETURNED
0,14,256,0.319544164438,11,1.0,0.34,0.4,0.27,368,0.321168137246,RETURNED
0,14,256,0.314412818709,12,0.75,0.22,0.38,0.15,369,0.32244518519,RETURNED
0,14,256,0.312410484184,13,1.13,0.27,0.4,0.46,383,0.314412818709,RETURNED
0,14,256,0.295313666998,14,2.29,1.69,0.4,0.2,370,0.300337222106,RETURNED
0,15,256,4763.78051206,0,2.17,0.22,0.39,1.57,372,5136.87808586,RETURNED
0,15,256,4007.74416933,1,1.54,0.93,0.39,0.21,382,4049.54310037,RETURNED
0,15,256,0.629920184263,2,2.33,1.81,0.36,0.16,363,0.740557611871,RETURNED
0,15,256,0.474397090718,3,0.98,0.2,0.37,0.4,395,0.517257495703,RETURNED
0,15,256,0.457104245794,4,0.78,0.19,0.39,0.2,376,0.479804280227,RETURNED
0,15,256,0.375497412789,5,1.27,0.24,0.37,0.66,366,0.438302818377,RETURNED
0,15,256,0.36474263357,6,1.37,0.22,0.39,0.75,377,0.384924281609,RETURNED
0,15,256,0.338444088312,7,0.93,0.24,0.39,0.3,385,0.349305127184,RETURNED
0,15,256,0.300957998059,8,3.46,1.6,0.39,1.46,373,0.318865811144,RETURNED
0,15,256,0.283140913328,9,1.1,0.2,0.4,0.5,388,0.294648660992,RETURNED
0,15,256,0.271863084403,10,1.68,1.12,0.4,0.16,376,0.268854610818,RETURNED
0,15,256,0.262911462474,11,3.63,3.0,0.39,0.24,373,0.261680666253,RETURNED
0,15,256,0.218182197687,12,0.81,0.24,0.39,0.17,366,0.22805047968,RETURNED
0,15,256,0.212906949231,13,1.14,0.56,0.4,0.18,386,0.2132953524,RETURNED
0,15,256,0.230137382683,14,0.9,0.18,0.37,0.34,384,0.230106755985,RETURNED
1,63.19,0.28,0.28,12,20
1,0,256,3947.55065907,0,1.32,0.18,0.18,0.96,125,3951.10273974,RETURNED
1,0,256,3852.57052404,1,1.83,0.92,0.19,0.72,134,3856.87937945,RETURNED
1,0,256,3793.48643355,2,0.48,0.19,0.18,0.11,135,3796.867438,RETURNED
1,0,256,3788.67718108,3,0.72,0.43,0.19,0.1,129,3793.47966336,RETURNED
1,0,256,3701.07484916,4,0.63,0.33,0.18,0.12,134,3704.50610617,RETURNED
1,0,256,3705.04028704,5,0.53,0.25,0.18,0.1,126,3709.7618091,RETURNED
1,0,256,3690.45106208,6,0.95,0.56,0.2,0.18,119,3694.57820178,RETURNED
1,0,256,3685.44062232,7,0.5,0.18,0.18,0.14,130,3690.37350192,RETURNED
1,0,256,3681.08606802,8,1.96,0.89,0.18,0.89,130,3684.92816106,RETURNED
1,0,256,3664.79604092,9,0.56,0.21,0.18,0.17,128,3668.10587997,RETURNED
1,0,256,3659.13320922,10,1.97,0.22,0.18,1.57,132,3663.21773929,RETURNED
1,0,256,3645.23324928,11,0.49,0.11,0.18,0.21,115,3648.64268237,RETURNED
1,0,256,3642.65518002,12,0.66,0.34,0.18,0.14,110,3645.97490884,RETURNED
1,0,256,3640.48796291,13,0.48,0.14,0.19,0.15,142,3643.27038232,RETURNED
1,0,256,3636.7418938,14,0.94,0.58,0.2,0.16,140,3640.00056247,RETURNED
1,1,256,4264.80627147,0,0.61,0.16,0.2,0.24,115,4269.60684873,RETURNED
1,1,256,4136.6587217,1,1.0,0.44,0.19,0.37,131,4228.99220581,RETURNED
1,1,256,4132.20525597,2,0.6,0.1,0.24,0.26,145,4135.66049061,RETURNED
1,1,256,4021.42933517,3,0.73,0.13,0.29,0.31,139,4026.07225649,RETURNED
1,1,256,3959.26018368,4,0.52,0.14,0.18,0.2,119,3963.49194451,RETURNED
1,1,256,3956.37739433,5,0.43,0.15,0.19,0.1,121,3959.5660089,RETURNED
1,1,256,3939.02501568,6,0.44,0.13,0.19,0.12,112,3943.45059799,RETURNED
1,1,256,3887.22028737,7,0.46,0.13,0.2,0.13,130,3892.85393873,RETURNED
1,1,256,3883.22954699,8,1.36,0.13,0.19,1.04,121,3887.10416549,RETURNED
1,1,256,3837.39480544,9,0.66,0.36,0.19,0.12,132,3842.46211821,RETURNED
1,1,256,3815.73157763,10,0.49,0.14,0.19,0.16,124,3819.8328327,RETURNED
1,1,256,3717.26372195,11,1.29,0.14,0.18,0.97,130,3721.11685208,RETURNED
1,1,256,3713.68750128,12,0.5,0.2,0.19,0.11,133,3717.59998793,RETURNED
1,1,256,3710.01624081,13,0.64,0.11,0.18,0.35,118,3712.30242408,RETURNED
1,1,256,3697.03279288,14,0.69,0.15,0.18,0.36,124,3701.30735124,RETURNED
1,2,256,3884.27553791,0,0.59,0.29,0.19,0.11,133,3888.52911344,RETURNED
1,2,256,3863.2813073,1,0.5,0.13,0.19,0.18,132,3867.57493662,RETURNED
1,2,256,3815.72879938,2,0.65,0.11,0.18,0.35,122,3819.81628012,RETURNED
1,2,256,3812.52886302,3,0.69,0.4,0.19,0.1,125,3816.04834799,RETURNED
1,2,256,3807.76406603,4,0.45,0.13,0.19,0.13,139,3812.6480378,RETURNED
1,2,256,3768.40937616,5,1.5,0.2,0.19,1.11,133,3808.58214974,RETURNED
1,2,256,3696.80811066,6,0.55,0.22,0.2,0.13,142,3701.45872963,RETURNED
1,2,256,3693.96613651,7,1.45,1.0,0.18,0.27,108,3697.34843706,RETURNED
1,2,256,3684.57495866,8,1.43,0.16,0.18,1.09,108,3688.5998473,RETURNED
1,2,256,3672.24712495,9,0.63,0.19,0.17,0.26,109,3677.05430806,RETURNED
1,2,256,3669.4275273,10,0.88,0.23,0.19,0.47,134,3673.88944138,RETURNED
1,2,256,3654.9834502,11,1.17,0.85,0.19,0.13,131,3659.0330633,RETURNED
1,2,256,3651.90356275,12,0.46,0.17,0.2,0.09,128,3655.34037865,RETURNED
1,2,256,3644.68943069,13,1.43,0.19,0.2,1.04,129,3648.66540808,RETURNED
1,2,256,3639.82220185,14,0.42,0.12,0.19,0.11,150,3644.09651467,RETURNED
1,3,256,3884.16299862,0,0.63,0.11,0.18,0.34,126,3887.65697493,RETURNED
1,3,256,3836.13191332,1,1.47,1.15,0.19,0.14,131,3842.46211821,RETURNED
1,3,256,3818.30744115,2,0.63,0.31,0.19,0.12,119,3832.18169443,RETURNED
1,3,256,3797.10843069,3,0.43,0.15,0.18,0.1,119,3800.89871035,RETURNED
1,3,256,3793.76370565,4,0.48,0.12,0.18,0.18,125,3797.45254807,RETURNED
1,3,256,3741.06507468,5,0.5,0.15,0.18,0.18,111,3745.03363393,RETURNED
1,3,256,3713.5844479,6,0.46,0.17,0.19,0.11,125,3717.91175546,RETURNED
1,3,256,3708.98506116,7,0.59,0.24,0.18,0.18,123,3713.75001612,RETURNED
1,3,256,3705.42034211,8,0.8,0.33,0.18,0.29,117,3709.45770255,RETURNED
1,3,256,3690.49502127,9,0.82,0.17,0.19,0.47,140,3694.23730319,RETURNED
1,3,256,3682.80544654,10,1.39,0.36,0.18,0.85,118,3688.5998473,RETURNED
1,3,256,3672.56126999,11,0.44,0.14,0.18,0.12,126,3677.27833705,RETURNED
1,3,256,3668.4987498,12,0.57,0.18,0.18,0.21,132,3672.56313351,RETURNED
1,3,256,3665.27620018,13,0.84,0.33,0.18,0.33,120,3668.82263845,RETURNED
1,3,256,3661.52639595,14,0.53,0.21,0.18,0.14,128,3665.63757775,RETURNED
1,4,256,3880.76012218,0,1.15,0.86,0.18,0.1,122,3883.95020187,RETURNED
1,4,256,3831.66746726,1,1.01,0.73,0.18,0.1,142,3841.75048989,RETURNED
1,4,256,3811.54742435,2,0.6,0.22,0.19,0.19,118,3816.039707,RETURNED
1,4,256,3744.77912134,3,0.5,0.11,0.18,0.2,131,3750.82301848,RETURNED
1,4,256,3740.86801643,4,0.52,0.24,0.19,0.09,108,3745.03363393,RETURNED
1,4,256,3737.1357863,5,0.54,0.21,0.18,0.14,120,3741.43117338,RETURNED
1,4,256,3709.58439504,6,0.47,0.16,0.2,0.11,140,3713.67745836,RETURNED
1,4,256,3697.26749383,7,0.6,0.18,0.18,0.24,122,3701.01504994,RETURNED
1,4,256,3693.96997952,8,0.46,0.13,0.18,0.14,122,3697.08872374,RETURNED
1,4,256,3681.8955843,9,1.75,1.45,0.18,0.13,127,3684.95044692,RETURNED
1,4,256,3677.78502662,10,1.28,0.88,0.18,0.21,118,3681.31167948,RETURNED
1,4,256,3669.82092079,11,1.52,1.19,0.19,0.14,130,3674.19178153,RETURNED
1,4,256,3648.67886877,12,0.58,0.28,0.2,0.11,130,3651.87392421,RETURNED
1,4,256,3643.95997538,13,1.06,0.22,0.18,0.66,116,3648.44257076,RETURNED
1,4,256,3636.76583465,14,1.4,1.1,0.19,0.11,127,3641.41898267,RETURNED
1,5,256,3880.11887363,0,0.64,0.22,0.19,0.23,125,3883.67706274,RETURNED
1,5,256,3843.84050041,1,1.19,0.82,0.18,0.18,117,3847.45912472,RETURNED
1,5,256,3815.89472207,2,0.76,0.35,0.19,0.22,126,3819.80899081,RETURNED
1,5,256,3747.84624273,3,0.7,0.22,0.18,0.29,126,3750.60292092,RETURNED
1,5,256,3744.30297646,4,0.57,0.13,0.18,0.26,128,3748.08292506,RETURNED
1,5,256,3708.47934852,5,0.65,0.15,0.19,0.31,127,3713.67745836,RETURNED
1,5,256,3694.43600452,6,0.46,0.13,0.19,0.14,136,3699.8703801,RETURNED
1,5,256,3690.61705111,7,0.55,0.12,0.18,0.24,118,3694.36118838,RETURNED
1,5,256,3684.95044692,8,0.42,0.12,0.18,0.12,130,3688.40147733,RETURNED
1,5,256,3680.55358577,9,1.25,0.14,0.19,0.91,142,3684.91762413,RETURNED
1,5,256,3677.70340531,10,1.3,0.1,0.18,1.01,117,3681.615705,RETURNED
1,5,256,3654.45882532,11,1.69,1.32,0.22,0.15,115,3658.81410222,RETURNED
1,5,256,3649.25774115,12,1.04,0.11,0.2,0.73,121,3652.31899092,RETURNED
1,5,256,3641.28081073,13,0.49,0.13,0.18,0.18,115,3644.65111988,RETURNED
1,5,256,3639.79829117,14,0.92,0.14,0.18,0.6,118,3643.54981796,RETURNED
1,6,256,3862.6911476,0,16.34,1.17,0.19,14.98,122,3867.41070551,RETURNED
1,6,256,3635.39011514,1,0.93,0.11,0.19,0.64,132,3639.38625344,RETURNED
1,6,256,3625.66478259,2,1.65,1.13,0.18,0.34,121,3629.56289342,RETURNED
1,6,256,3620.94802257,3,0.47,0.18,0.19,0.1,153,3626.01656534,RETURNED
1,6,256,3628.11555767,4,1.1,0.13,0.19,0.78,143,3632.58544085,RETURNED
1,6,256,3617.07945083,5,7.61,0.38,0.18,7.05,116,3620.94802257,RETURNED
1,6,256,3622.58200397,6,1.38,1.04,0.18,0.16,121,3625.48497684,RETURNED
1,6,256,3611.22803309,7,0.48,0.21,0.18,0.09,137,3616.63503797,RETURNED
1,6,256,3612.65381069,8,0.45,0.11,0.18,0.16,130,3617.29966636,RETURNED
1,6,256,3613.33162393,9,0.53,0.19,0.18,0.15,120,3617.07945083,RETURNED
1,6,256,3608.00854923,10,0.41,0.1,0.18,0.12,139,3612.07971376,RETURNED
1,6,256,3605.12382799,11,0.59,0.33,0.17,0.09,115,3608.71426778,RETURNED
1,6,256,3610.42175926,12,0.4,0.12,0.18,0.1,130,3613.35978465,RETURNED
1,6,256,3604.35958,13,0.37,0.11,0.18,0.08,140,3608.21657579,RETURNED
1,6,256,3601.51366895,14,0.46,0.12,0.18,0.16,126,3605.12382799,RETURNED
1,7,256,3885.32923157,0,0.5,0.16,0.18,0.17,115,3887.85460298,RETURNED
1,7,256,3841.97969006,1,0.57,0.27,0.18,0.12,114,3867.63919204,RETURNED
1,7,256,3833.73798988,2,0.46,0.19,0.18,0.1,126,3837.94489648,RETURNED
1,7,256,3811.60328783,3,0.74,0.32,0.19,0.23,136,3815.72879938,RETURNED
1,7,256,3799.68538879,4,0.54,0.17,0.19,0.18,140,3805.13444609,RETURNED
1,7,256,3739.78254136,5,0.61,0.28,0.19,0.14,144,3744.74060897,RETURNED
1,7,256,3713.42162624,6,1.1,0.45,0.18,0.47,121,3717.22175147,RETURNED
1,7,256,3706.00307811,7,0.48,0.14,0.19,0.15,136,3709.49243182,RETURNED
1,7,256,3691.93586456,8,0.84,0.25,0.19,0.41,134,3695.07768593,RETURNED
1,7,256,3688.5998473,9,0.48,0.16,0.18,0.14,115,3692.43886418,RETURNED
1,7,256,3683.64724994,10,1.01,0.47,0.19,0.34,125,3687.25498641,RETURNED
1,7,256,3677.2661196,11,0.47,0.14,0.18,0.15,121,3680.92437931,RETURNED
1,7,256,3667.69491664,12,0.43,0.13,0.18,0.12,119,3672.33899218,RETURNED
1,7,256,3667.43511505,13,0.54,0.14,0.19,0.22,137,3672.24712495,RETURNED
1,7,256,3663.68728526,14,1.65,1.35,0.17,0.13,112,3667.33179485,RETURNED
1,8,256,3884.53310813,0,0.4,0.11,0.18,0.11,132,3887.65697493,RETURNED
1,8,256,3850.82274919,1,0.49,0.12,0.18,0.19,121,3854.41227469,RETURNED
1,8,256,3851.71972999,2,0.44,0.14,0.18,0.12,127,3855.3740524,RETURNED
1,8,256,3848.38057674,3,0.45,0.14,0.18,0.13,123,3851.62315406,RETURNED
1,8,256,3832.25872275,4,0.95,0.36,0.19,0.4,133,3836.13191332,RETURNED
1,8,256,3795.36024689,5,0.63,0.31,0.19,0.13,136,3799.52516639,RETURNED
1,8,256,3738.84349652,6,0.43,0.11,0.19,0.13,125,3742.78511104,RETURNED
1,8,256,3713.03208511,7,0.51,0.12,0.18,0.21,126,3717.31023171,RETURNED
1,8,256,3703.36142039,8,1.02,0.28,0.19,0.55,132,3707.58421338,RETURNED
1,8,256,3690.71704504,9,0.48,0.15,0.18,0.15,137,3694.79633194,RETURNED
1,8,256,3680.84071447,10,0.81,0.54,0.19,0.09,132,3685.22751283,RETURNED
1,8,256,3676.9388949,11,0.82,0.5,0.18,0.14,130,3681.4341815,RETURNED
1,8,256,3668.23012987,12,1.39,1.03,0.19,0.17,134,3672.58726555,RETURNED
1,8,256,3659.00752137,13,1.25,0.13,0.18,0.93,122,3662.83010831,RETURNED
1,8,256,3652.86926122,14,0.46,0.13,0.2,0.13,124,3656.22401512,RETURNED
1,9,256,3884.16378601,0,0.62,0.29,0.18,0.15,125,3887.87121062,RETURNED
1,9,256,3875.3637805,1,0.57,0.17,0.18,0.21,127,3878.39182163,RETURNED
1,9,256,3810.74938559,2,5.44,0.15,0.19,5.1,129,3816.039707,RETURNED
1,9,256,3683.9687605,3,1.27,0.17,0.18,0.92,115,3690.66275763,RETURNED
1,9,256,3677.97560505,4,1.29,0.91,0.18,0.2,121,3681.71972836,RETURNED
1,9,256,3662.74017142,5,0.5,0.13,0.18,0.19,128,3667.33305701,RETURNED
1,9,256,3659.01863511,6,1.27,0.19,0.19,0.89,147,3663.04864975,RETURNED
1,9,256,3648.74500339,7,1.11,0.15,0.19,0.78,141,3652.3884952,RETURNED
1,9,256,3643.90376171,8,1.25,0.18,0.19,0.89,136,3648.12151579,RETURNED
1,9,256,3636.01474528,9,1.1,0.22,0.2,0.68,128,3639.90460522,RETURNED
1,9,256,3632.66250814,10,2.97,1.71,0.18,1.08,127,3636.29240665,RETURNED
1,9,256,3626.48716577,11,0.61,0.28,0.18,0.15,137,3629.65274619,RETURNED
1,9,256,3626.88862795,12,0.44,0.13,0.19,0.13,142,3629.91287232,RETURNED
1,9,256,3626.80788663,13,0.64,0.15,0.18,0.31,126,3630.25453474,RETURNED
1,9,256,3621.49199019,14,0.78,0.49,0.18,0.1,131,3626.04392869,RETURNED
1,10,256,3864.01687643,0,1.24,0.96,0.19,0.09,129,3867.84220632,RETURNED
1,10,256,3819.47121761,1,0.45,0.18,0.18,0.09,120,3826.13652509,RETURNED
1,10,256,3808.372957,2,0.42,0.13,0.19,0.11,121,3811.57923696,RETURNED
1,10,256,3805.1695397,3,0.53,0.24,0.19,0.11,124,3808.40909879,RETURNED
1,10,256,3805.00029116,4,0.51,0.21,0.19,0.12,126,3808.69146489,RETURNED
1,10,256,3793.93018163,5,0.48,0.13,0.19,0.16,143,3797.10843069,RETURNED
1,10,256,3713.03567856,6,0.49,0.2,0.19,0.1,144,3718.25784608,RETURNED
1,10,256,3710.53970156,7,0.44,0.12,0.19,0.14,135,3713.90215905,RETURNED
1,10,256,3707.04984641,8,0.46,0.15,0.19,0.13,125,3710.51813746,RETURNED
1,10,256,3697.4623793,9,0.56,0.19,0.18,0.18,124,3701.41489809,RETURNED
1,10,256,3690.92825605,10,1.02,0.4,0.19,0.43,127,3694.56525362,RETURNED
1,10,256,3681.20306831,11,0.42,0.12,0.19,0.11,147,3685.09889301,RETURNED
1,10,256,3676.98425448,12,1.97,1.71,0.18,0.08,130,3681.54659607,RETURNED
1,10,256,3661.4763184,13,0.85,0.47,0.19,0.2,131,3665.22767651,RETURNED
1,10,256,3655.26705129,14,0.95,0.1,0.18,0.67,120,3658.9042567,RETURNED
1,11,256,3947.21809399,0,0.79,0.45,0.19,0.14,128,3951.74611061,RETURNED
1,11,256,3690.4136269,1,0.72,0.31,0.18,0.22,110,3694.80372971,RETURNED
1,11,256,3686.48744175,2,1.05,0.5,0.18,0.37,121,3690.93150534,RETURNED
1,11,256,3677.05307251,3,0.43,0.13,0.18,0.11,132,3682.34046301,RETURNED
1,11,256,3673.63233435,4,0.99,0.16,0.19,0.64,133,3678.457173,RETURNED
1,11,256,3669.37475282,5,0.82,0.13,0.19,0.5,136,3673.6767418,RETURNED
1,11,256,3659.0550542,6,0.38,0.11,0.18,0.09,127,3663.39772324,RETURNED
1,11,256,3655.62094881,7,0.51,0.23,0.18,0.1,121,3659.0550542,RETURNED
1,11,256,3652.2558309,8,0.44,0.14,0.18,0.11,130,3656.09475533,RETURNED
1,11,256,3647.9730994,9,0.44,0.1,0.21,0.13,128,3652.3884952,RETURNED
1,11,256,3648.38967034,10,0.53,0.21,0.18,0.13,120,3652.72166587,RETURNED
1,11,256,3645.76053907,11,1.69,0.68,0.18,0.83,120,3648.69459541,RETURNED
1,11,256,3641.41557921,12,0.49,0.2,0.19,0.1,142,3645.58272633,RETURNED
1,11,256,3633.14334187,13,1.31,0.1,0.18,1.03,124,3636.09451772,RETURNED
1,11,256,3629.53969392,14,1.15,0.18,0.18,0.79,119,3632.98491307,RETURNED
1,12,256,4618.96559557,0,0.6,0.26,0.19,0.15,133,4622.85886201,RETURNED
1,12,256,5086.37268904,1,0.39,0.09,0.18,0.12,125,5090.52513699,RETURNED
1,12,256,4388.63163401,2,0.41,0.11,0.18,0.11,121,4856.29708355,RETURNED
1,12,256,4504.83955292,3,0.57,0.24,0.18,0.14,129,4508.82111011,RETURNED
1,12,256,4324.74965221,4,0.45,0.16,0.17,0.11,127,4329.17285835,RETURNED
1,12,256,4304.81589409,5,2.08,0.71,0.18,1.19,132,4325.37296715,RETURNED
1,12,256,4272.51781312,6,0.52,0.12,0.17,0.22,133,4275.88101398,RETURNED
1,12,256,4080.15209245,7,0.89,0.63,0.18,0.08,119,4265.85487984,RETURNED
1,12,256,4319.7920612,8,1.48,1.11,0.18,0.19,124,4325.50562936,RETURNED
1,12,256,4134.26378253,9,1.09,0.35,0.17,0.57,104,4136.95599528,RETURNED
1,12,256,3893.80487286,10,1.59,0.18,0.18,1.22,130,3963.33151715,RETURNED
1,12,256,3888.70769238,11,0.46,0.1,0.18,0.18,129,3894.13042646,RETURNED
1,12,256,3867.41070551,12,0.68,0.33,0.19,0.17,136,3872.35578966,RETURNED
1,12,256,3857.13842147,13,0.47,0.19,0.18,0.1,130,3867.87820417,RETURNED
1,12,256,3836.12388222,14,0.91,0.2,0.17,0.54,118,3842.3713193,RETURNED
1,13,256,5030.8766877,0,0.47,0.12,0.18,0.18,127,5213.85826287,RETURNED
1,13,256,4688.19102269,1,0.64,0.31,0.18,0.16,138,4862.43341627,RETURNED
1,13,256,4684.42641297,2,0.84,0.44,0.17,0.23,135,4688.9459291,RETURNED
1,13,256,4384.59139302,3,2.34,0.95,0.18,1.21,137,4389.01672312,RETURNED
1,13,256,4268.94833014,4,1.41,0.59,0.18,0.64,115,4273.60762212,RETURNED
1,13,256,4265.25578546,5,1.78,1.05,0.18,0.54,136,4269.64619343,RETURNED
1,13,256,4026.053334,6,0.83,0.19,0.17,0.47,119,4029.11133809,RETURNED
1,13,256,3962.93069432,7,0.45,0.1,0.18,0.17,128,4008.14779363,RETURNED
1,13,256,4028.36892641,8,0.76,0.28,0.17,0.31,109,4031.69342756,RETURNED
1,13,256,4002.94693703,9,0.57,0.27,0.18,0.12,131,4006.33885614,RETURNED
1,13,256,3952.01917798,10,0.36,0.12,0.17,0.07,115,3955.76115007,RETURNED
1,13,256,3951.1741033,11,0.7,0.1,0.18,0.41,136,3956.37739433,RETURNED
1,13,256,3880.34439257,12,0.98,0.39,0.18,0.42,129,3883.98276145,RETURNED
1,13,256,3826.49988094,13,0.42,0.11,0.19,0.11,127,3842.35801244,RETURNED
1,13,256,3750.57837323,14,0.53,0.1,0.17,0.26,124,3753.84567045,RETURNED
1,14,256,5037.99023009,0,0.57,0.3,0.18,0.09,131,5356.54595402,RETURNED
1,14,256,4613.29300085,1,0.83,0.16,0.18,0.49,128,4618.69645405,RETURNED
1,14,256,4609.53622524,2,1.1,0.18,0.18,0.73,135,4614.01285884,RETURNED
1,14,256,4275.91368616,3,0.39,0.11,0.18,0.1,131,4280.23408081,RETURNED
1,14,256,4318.47613031,4,1.13,0.69,0.18,0.26,118,4323.14630589,RETURNED
1,14,256,4271.4037947,5,1.88,1.53,0.18,0.17,136,4276.21252948,RETURNED
1,14,256,4073.25161773,6,0.39,0.11,0.18,0.09,137,4095.72065189,RETURNED
1,14,256,4076.46651551,7,0.48,0.13,0.17,0.18,114,4080.15209245,RETURNED
1,14,256,4032.10725991,8,1.37,1.09,0.18,0.1,120,4036.24592301,RETURNED
1,14,256,4128.20370764,9,0.57,0.22,0.18,0.17,118,4132.30959087,RETURNED
1,14,256,3960.30235765,10,0.4,0.14,0.17,0.1,130,3963.00433247,RETURNED
1,14,256,3957.76223444,11,0.9,0.29,0.17,0.43,119,3960.12637958,RETURNED
1,14,256,3883.85572532,12,0.63,0.32,0.18,0.13,128,3888.82093047,RETURNED
1,14,256,3859.76603228,13,0.83,0.47,0.17,0.19,115,3863.24782195,RETURNED
1,14,256,3854.11036995,14,0.54,0.22,0.18,0.14,139,3859.38411567,RETURNED
1,15,256,4862.22707165,0,0.39,0.12,0.18,0.1,124,4865.69290941,RETURNED
1,15,256,4632.24132376,1,0.39,0.14,0.17,0.08,129,4763.78992584,RETURNED
1,15,256,4615.06787396,2,0.49,0.21,0.17,0.11,121,4619.66125263,RETURNED
1,15,256,4881.23024488,3,0.44,0.11,0.19,0.15,131,4885.0450716,RETURNED
1,15,256,4328.79119374,4,0.38,0.11,0.18,0.09,136,4389.02863772,RETURNED
1,15,256,4279.8141804,5,0.9,0.18,0.17,0.54,138,4284.26340628,RETURNED
1,15,256,4273.5969612,6,1.49,0.35,0.17,0.96,116,4276.14037085,RETURNED
1,15,256,4300.92949304,7,1.11,0.82,0.18,0.12,132,4304.95890408,RETURNED
1,15,256,4228.94136216,8,0.57,0.25,0.18,0.13,133,4233.37438729,RETURNED
1,15,256,4268.40035905,9,0.72,0.31,0.18,0.23,117,4271.79188487,RETURNED
1,15,256,4260.57405697,10,0.75,0.4,0.18,0.18,123,4265.46642328,RETURNED
1,15,256,4022.01041572,11,0.87,0.43,0.19,0.25,132,4026.053334,RETURNED
1,15,256,4006.27936339,12,0.64,0.12,0.18,0.33,131,4025.704524,RETURNED
1,15,256,3955.58445026,13,0.56,0.29,0.18,0.1,137,3959.5660089,RETURNED
1,15,256,3952.78374406,14,1.1,0.28,0.17,0.65,118,3956.37739433,RETURNED
2,47.39,0.25,0.09,20,18
2,0,256,4807.41685743,0,1.56,1.14,0.29,0.13,130,4927.67914466,RETURNED
2,0,256,4625.1566772,1,1.15,0.69,0.3,0.16,140,4629.57946844,RETURNED
2,0,256,4435.75019602,2,0.72,0.23,0.3,0.19,139,4441.04155981,RETURNED
2,0,256,0.592911718783,3,6.28,5.22,0.22,0.84,151,0.648547721565,RETURNED
2,0,256,0.520492654846,4,0.64,0.15,0.26,0.23,141,0.560636300412,RETURNED
2,0,256,0.497244142245,5,1.09,0.28,0.27,0.55,150,0.512938881793,RETURNED
2,0,256,0.500124390772,6,0.72,0.27,0.26,0.19,139,0.50611276701,RETURNED
2,0,256,0.43765385181,7,0.77,0.29,0.27,0.21,139,0.444724885155,RETURNED
2,0,256,0.429153455617,8,0.78,0.27,0.27,0.24,143,0.431597063648,RETURNED
2,0,256,0.422442087786,9,0.84,0.17,0.26,0.42,122,0.423317868043,RETURNED
2,0,256,0.413099357063,10,0.79,0.26,0.27,0.26,151,0.413099357063,RETURNED
2,0,256,0.404177517292,11,0.84,0.22,0.26,0.36,132,0.404177517292,RETURNED
2,0,256,0.383813546225,12,0.83,0.24,0.25,0.34,115,0.384662086802,RETURNED
2,0,256,0.37188223765,13,1.09,0.56,0.25,0.28,122,0.37188223765,RETURNED
2,0,256,0.368433192415,14,0.65,0.2,0.25,0.19,124,0.368433192415,RETURNED
2,1,256,4980.02780541,0,0.66,0.2,0.29,0.18,129,4984.00092137,RETURNED
2,1,256,4778.72976792,1,0.79,0.29,0.29,0.21,133,4783.28127086,RETURNED
2,1,256,4775.46489709,2,0.89,0.33,0.29,0.27,140,4779.29815509,RETURNED
2,1,256,4620.97075929,3,1.3,0.29,0.29,0.72,135,4624.39928113,RETURNED
2,1,256,4276.970507,4,0.69,0.16,0.26,0.27,128,4280.30522658,RETURNED
2,1,256,4220.06450346,5,2.29,1.76,0.31,0.22,154,4224.49883108,RETURNED
2,1,256,4217.32425094,6,1.08,0.47,0.26,0.34,118,4220.80654988,RETURNED
2,1,256,0.629633700383,7,0.74,0.27,0.23,0.24,136,0.707393740782,RETURNED
2,1,256,0.555210748904,8,1.58,0.38,0.26,0.94,140,0.58212380441,RETURNED
2,1,256,0.494408741377,9,0.98,0.18,0.27,0.52,144,0.52615469789,RETURNED
2,1,256,0.482284943722,10,1.08,0.42,0.27,0.39,131,0.49382236842,RETURNED
2,1,256,0.419376411502,11,1.99,1.49,0.27,0.24,150,0.437492049211,RETURNED
2,1,256,0.422795778418,12,0.83,0.27,0.27,0.29,151,0.427419526441,RETURNED
2,1,256,0.391895719824,13,0.92,0.31,0.26,0.36,129,0.394803402409,RETURNED
2,1,256,0.380523833314,14,0.85,0.3,0.27,0.28,139,0.384662086802,RETURNED
2,2,256,4768.04017214,0,1.79,1.34,0.29,0.16,133,4773.29781894,RETURNED
2,2,256,4625.07473667,1,0.84,0.28,0.28,0.28,120,4629.07311059,RETURNED
2,2,256,4545.74795564,2,1.6,1.15,0.27,0.18,148,4550.29463369,RETURNED
2,2,256,4224.09308469,3,0.66,0.14,0.26,0.25,140,4228.71185088,RETURNED
2,2,256,4219.09606246,4,3.61,0.95,0.33,2.33,147,4224.54532692,RETURNED
2,2,256,0.612575009173,5,0.71,0.36,0.23,0.12,129,0.653387656946,RETURNED
2,2,256,0.528618188903,6,2.04,0.25,0.25,1.53,123,0.560636300412,RETURNED
2,2,256,0.478890776418,7,0.67,0.22,0.26,0.19,121,0.484737719852,RETURNED
2,2,256,0.46916324638,8,1.51,0.19,0.27,1.05,140,0.470048652448,RETURNED
2,2,256,0.397222775351,9,0.74,0.22,0.27,0.24,149,0.404177517292,RETURNED
2,2,256,0.394803402409,10,1.01,0.27,0.26,0.48,135,0.394803402409,RETURNED
2,2,256,0.379772798649,11,0.7,0.2,0.28,0.22,141,0.391374254749,RETURNED
2,2,256,0.34282963348,12,1.81,0.29,0.27,1.25,146,0.34282963348,RETURNED
2,2,256,0.34282963348,13,0.99,0.31,0.26,0.41,138,0.34282963348,RETURNED
2,2,256,0.34282963348,14,1.67,1.21,0.26,0.2,143,0.34282963348,RETURNED
2,3,256,5104.89909423,0,1.76,1.27,0.29,0.21,142,5108.63950345,RETURNED
2,3,256,4549.98950946,1,0.72,0.18,0.29,0.25,130,4554.26988689,RETURNED
2,3,256,4445.30144934,2,0.91,0.3,0.27,0.34,134,4449.79134837,RETURNED
2,3,256,4272.9252104,3,3.07,1.58,0.32,1.17,125,4277.21863971,RETURNED
2,3,256,4216.11623308,4,1.79,0.18,0.28,1.32,142,4220.76836241,RETURNED
2,3,256,0.552629017102,5,1.35,1.01,0.21,0.13,128,0.587043018635,RETURNED
2,3,256,0.508513529435,6,1.14,0.41,0.25,0.47,113,0.52663976084,RETURNED
2,3,256,0.47553374616,7,1.2,0.36,0.26,0.58,132,0.499525130486,RETURNED
2,3,256,0.427636913989,8,0.89,0.5,0.26,0.13,133,0.436662856614,RETURNED
2,3,256,0.422354962771,9,0.65,0.25,0.26,0.15,137,0.427636913989,RETURNED
2,3,256,0.404177517292,10,0.71,0.17,0.27,0.26,136,0.404177517292,RETURNED
2,3,256,0.394803402409,11,0.78,0.31,0.25,0.22,128,0.404177517292,RETURNED
2,3,256,0.394537967448,12,1.83,1.29,0.26,0.29,142,0.394537967448,RETURNED
2,3,256,0.366832289723,13,2.25,1.01,0.26,0.98,136,0.37188223765,RETURNED
2,3,256,0.368192436068,14,0.72,0.3,0.25,0.16,124,0.368192436068,RETURNED
2,4,256,4756.53294427,0,2.62,0.67,0.28,1.67,118,5073.57250516,RETURNED
2,4,256,0.552943716253,1,2.28,1.69,0.26,0.33,134,0.58212380441,RETURNED
2,4,256,0.510792308428,2,0.76,0.29,0.24,0.24,129,0.552789999106,RETURNED
2,4,256,0.513705055604,3,0.86,0.23,0.27,0.36,146,0.52615469789,RETURNED
2,4,256,0.462394539077,4,1.03,0.27,0.26,0.5,130,0.470048652448,RETURNED
2,4,256,0.437492049211,5,0.92,0.38,0.26,0.28,128,0.437492049211,RETURNED
2,4,256,0.423317868043,6,0.71,0.25,0.26,0.2,129,0.423317868043,RETURNED
2,4,256,0.404177517292,7,0.72,0.28,0.26,0.18,125,0.404177517292,RETURNED
2,4,256,0.398943090526,8,0.85,0.33,0.27,0.25,151,0.399440341498,RETURNED
2,4,256,0.394803402409,9,1.27,0.65,0.26,0.36,121,0.394803402409,RETURNED
2,4,256,0.368433192415,10,1.21,0.26,0.27,0.67,145,0.37188223765,RETURNED
2,4,256,0.349027521937,11,2.61,1.22,0.26,1.13,153,0.353811840277,RETURNED
2,4,256,0.34282963348,12,1.6,0.55,0.26,0.79,135,0.34282963348,RETURNED
2,4,256,0.34282963348,13,1.79,1.2,0.25,0.33,125,0.34282963348,RETURNED
2,4,256,0.335889789699,14,2.17,0.25,0.26,1.66,137,0.335889789699,RETURNED
2,5,256,0.65209209296,0,1.63,1.23,0.23,0.18,142,0.766387619675,RETURNED
2,5,256,0.574143488031,1,0.53,0.14,0.25,0.14,131,0.601893887526,RETURNED
2,5,256,0.504777649188,2,0.77,0.23,0.26,0.28,138,0.52663976084,RETURNED
2,5,256,0.46449914224,3,1.12,0.34,0.26,0.52,133,0.509113348826,RETURNED
2,5,256,0.459739383579,4,0.71,0.23,0.25,0.22,143,0.470048652448,RETURNED
2,5,256,0.434704606565,5,0.72,0.33,0.25,0.14,128,0.444198668106,RETURNED
2,5,256,0.413099357063,6,0.59,0.19,0.26,0.13,135,0.43765385181,RETURNED
2,5,256,0.429632922277,7,0.71,0.19,0.26,0.26,129,0.429632922277,RETURNED
2,5,256,0.411381728244,8,1.11,0.49,0.25,0.37,136,0.41941659225,RETURNED
2,5,256,0.396396281644,9,0.78,0.29,0.26,0.22,144,0.404177517292,RETURNED
2,5,256,0.397720614148,10,0.95,0.46,0.25,0.24,134,0.398769852618,RETURNED
2,5,256,0.35045520007,11,0.75,0.21,0.26,0.28,137,0.357542004463,RETURNED
2,5,256,0.373521706223,12,1.0,0.61,0.26,0.14,139,0.377493446963,RETURNED
2,5,256,0.35045520007,13,0.76,0.37,0.25,0.14,124,0.35045520007,RETURNED
2,5,256,0.34282963348,14,0.63,0.18,0.26,0.2,152,0.34282963348,RETURNED
2,6,256,0.644286006446,0,1.71,1.35,0.23,0.13,136,0.759943739821,RETURNED
2,6,256,0.552896646224,1,0.72,0.29,0.26,0.17,123,0.594441117766,RETURNED
2,6,256,0.534991175267,2,0.57,0.17,0.26,0.14,135,0.552943716253,RETURNED
2,6,256,0.475568441183,3,1.32,0.86,0.27,0.19,133,0.510319442602,RETURNED
2,6,256,0.437492049211,4,0.68,0.2,0.26,0.22,141,0.46449914224,RETURNED
2,6,256,0.444724885155,5,0.75,0.34,0.25,0.16,122,0.444724885155,RETURNED
2,6,256,0.404177517292,6,0.85,0.33,0.25,0.26,121,0.427419526441,RETURNED
2,6,256,0.406114987523,7,0.67,0.17,0.26,0.24,136,0.413099357063,RETURNED
2,6,256,0.403477071695,8,0.96,0.27,0.26,0.42,137,0.413099357063,RETURNED
2,6,256,0.381153817125,9,0.91,0.21,0.28,0.42,146,0.394537967448,RETURNED
2,6,256,0.377214522932,10,1.02,0.55,0.27,0.19,161,0.377214522932,RETURNED
2,6,256,0.368546551725,11,1.28,0.81,0.26,0.21,131,0.374310725171,RETURNED
2,6,256,0.34282963348,12,0.65,0.16,0.27,0.22,142,0.35045520007,RETURNED
2,6,256,0.35045520007,13,0.78,0.29,0.26,0.22,120,0.35045520007,RETURNED
2,6,256,0.35045520007,14,2.14,1.4,0.25,0.48,127,0.35045520007,RETURNED
2,7,256,4196.73182915,0,0.7,0.17,0.26,0.28,122,4200.81989573,RETURNED
2,7,256,0.594441117766,1,0.94,0.37,0.24,0.33,133,0.62982905871,RETURNED
2,7,256,0.552789999106,2,0.73,0.17,0.25,0.3,131,0.598776547118,RETURNED
2,7,256,0.505788892298,3,0.88,0.25,0.27,0.37,137,0.524732857502,RETURNED
2,7,256,0.486452565883,4,0.79,0.18,0.26,0.35,150,0.508296579338,RETURNED
2,7,256,0.462942825268,5,0.9,0.23,0.27,0.4,131,0.486727270114,RETURNED
2,7,256,0.431831469878,6,0.65,0.23,0.26,0.17,125,0.444724885155,RETURNED
2,7,256,0.429632922277,7,0.73,0.31,0.25,0.17,139,0.434704606565,RETURNED
2,7,256,0.428122093518,8,0.68,0.17,0.26,0.25,131,0.431597063648,RETURNED
2,7,256,0.419376411502,9,0.69,0.19,0.25,0.24,126,0.419376411502,RETURNED
2,7,256,0.406654912029,10,0.8,0.37,0.27,0.17,124,0.406654912029,RETURNED
2,7,256,0.391374254749,11,0.67,0.19,0.25,0.23,128,0.394537967448,RETURNED
2,7,256,0.384503714243,12,0.87,0.38,0.27,0.22,144,0.384503714243,RETURNED
2,7,256,0.367325532953,13,1.57,1.13,0.26,0.18,126,0.381153817125,RETURNED
2,7,256,0.36127376356,14,0.79,0.24,0.25,0.3,136,0.36127376356,RETURNED
2,8,256,0.559154984563,0,2.32,1.78,0.25,0.3,128,0.58212380441,RETURNED
2,8,256,0.486727270114,1,1.23,0.35,0.25,0.64,119,0.52663976084,RETURNED
2,8,256,0.491467607923,2,0.83,0.39,0.26,0.19,145,0.496260678001,RETURNED
2,8,256,0.456513078705,3,0.71,0.25,0.26,0.2,129,0.470103897024,RETURNED
2,8,256,0.458438182753,4,0.84,0.19,0.26,0.39,142,0.476263735154,RETURNED
2,8,256,0.427419526441,5,0.64,0.19,0.26,0.18,132,0.427419526441,RETURNED
2,8,256,0.406654912029,6,0.79,0.21,0.28,0.31,142,0.42346236526,RETURNED
2,8,256,0.393330720745,7,0.8,0.29,0.26,0.24,113,0.401474148014,RETURNED
2,8,256,0.383317637566,8,0.76,0.26,0.25,0.25,127,0.394537967448,RETURNED
2,8,256,0.382703016933,9,0.69,0.23,0.26,0.2,135,0.382703016933,RETURNED
2,8,256,0.370616681886,10,1.38,0.87,0.25,0.27,118,0.379772798649,RETURNED
2,8,256,0.368485461453,11,0.8,0.39,0.27,0.14,139,0.370616681886,RETURNED
2,8,256,0.347270603806,12,2.26,0.28,0.25,1.73,138,0.35045520007,RETURNED
2,8,256,0.34282963348,13,0.65,0.23,0.25,0.17,133,0.34282963348,RETURNED
2,8,256,0.34282963348,14,1.01,0.35,0.26,0.39,139,0.34282963348,RETURNED
2,9,256,4071.30799812,0,0.64,0.19,0.26,0.2,132,4075.00252137,RETURNED
2,9,256,0.619837982012,1,1.14,0.56,0.22,0.36,122,0.72619522087,RETURNED
2,9,256,0.532766749587,2,0.86,0.41,0.26,0.18,134,0.552943716253,RETURNED
2,9,256,0.476428002366,3,2.35,0.6,0.25,1.49,131,0.494408741377,RETURNED
2,9,256,0.424493172184,4,0.75,0.32,0.27,0.15,129,0.431831469878,RETURNED
2,9,256,0.413812779739,5,1.75,0.29,0.26,1.19,150,0.418722547954,RETURNED
2,9,256,0.394537967448,6,3.09,0.62,0.26,2.2,138,0.394537967448,RETURNED
2,9,256,0.368192436068,7,0.73,0.3,0.27,0.16,147,0.368433192415,RETURNED
2,9,256,0.35045520007,8,1.4,0.88,0.27,0.25,146,0.35045520007,RETURNED
2,9,256,0.335889789699,9,1.91,0.25,0.26,1.41,142,0.335889789699,RETURNED
2,9,256,0.335889789699,10,0.83,0.42,0.25,0.16,125,0.335889789699,RETURNED
2,9,256,0.335889789699,11,0.64,0.16,0.25,0.23,127,0.335889789699,RETURNED
2,9,256,0.335889789699,12,1.85,1.49,0.25,0.12,123,0.335889789699,RETURNED
2,9,256,0.335889789699,13,1.68,0.29,0.26,1.13,140,0.335889789699,RETURNED
2,9,256,0.332479929811,14,1.03,0.51,0.25,0.27,127,0.335889789699,RETURNED
2,10,256,0.611412635636,0,1.65,1.24,0.23,0.19,123,0.647884660806,RETURNED
2,10,256,0.562743989453,1,1.63,0.24,0.26,1.13,136,0.594441117766,RETURNED
2,10,256,0.476026521047,2,0.71,0.24,0.26,0.22,142,0.523034201654,RETURNED
2,10,256,0.444724885155,3,0.91,0.25,0.25,0.41,133,0.46449914224,RETURNED
2,10,256,0.460577715674,4,0.67,0.26,0.25,0.16,134,0.462942825268,RETURNED
2,10,256,0.42346236526,5,0.68,0.22,0.26,0.2,123,0.427636913989,RETURNED
2,10,256,0.410993845879,6,1.06,0.54,0.26,0.26,113,0.410993845879,RETURNED
2,10,256,0.394204747867,7,0.69,0.24,0.26,0.2,145,0.404177517292,RETURNED
2,10,256,0.394537967448,8,0.72,0.23,0.26,0.23,150,0.394537967448,RETURNED
2,10,256,0.38791599697,9,0.76,0.27,0.26,0.22,151,0.393330720745,RETURNED
2,10,256,0.370532779505,10,0.81,0.29,0.26,0.26,143,0.376937354842,RETURNED
2,10,256,0.35045520007,11,0.72,0.28,0.25,0.19,124,0.35045520007,RETURNED
2,10,256,0.35045520007,12,0.89,0.37,0.27,0.24,155,0.35045520007,RETURNED
2,10,256,0.35045520007,13,0.63,0.21,0.27,0.14,118,0.35045520007,RETURNED
2,10,256,0.34282963348,14,0.78,0.34,0.26,0.18,142,0.34282963348,RETURNED
2,11,256,4098.86812125,0,0.69,0.23,0.26,0.21,128,4102.69184907,RETURNED
2,11,256,0.57572877459,1,0.58,0.17,0.23,0.17,136,0.655483612251,RETURNED
2,11,256,0.535173745309,2,1.58,0.15,0.26,1.17,123,0.601382057134,RETURNED
2,11,256,0.461255896209,3,1.13,0.66,0.26,0.22,132,0.499411865855,RETURNED
2,11,256,0.453814171684,4,1.14,0.71,0.25,0.18,132,0.475568441183,RETURNED
2,11,256,0.444639453256,5,0.75,0.22,0.26,0.27,128,0.453814171684,RETURNED
2,11,256,0.427599489386,6,0.86,0.4,0.26,0.2,130,0.434704606565,RETURNED
2,11,256,0.404177517292,7,0.81,0.29,0.26,0.25,121,0.404177517292,RETURNED
2,11,256,0.401113136486,8,0.63,0.22,0.25,0.16,125,0.401113136486,RETURNED
2,11,256,0.357542004463,9,0.88,0.45,0.26,0.17,136,0.384662086802,RETURNED
2,11,256,0.374310725171,10,0.67,0.22,0.27,0.18,120,0.382817071176,RETURNED
2,11,256,0.379772798649,11,0.79,0.25,0.26,0.27,143,0.379772798649,RETURNED
2,11,256,0.35045520007,12,3.4,0.27,0.26,2.87,133,0.35045520007,RETURNED
2,11,256,0.349246220316,13,1.47,0.18,0.25,1.03,134,0.349246220316,RETURNED
2,11,256,0.34282963348,14,0.72,0.32,0.26,0.15,124,0.34282963348,RETURNED
2,12,256,5170.49024072,0,0.95,0.38,0.26,0.31,132,5176.20101806,RETURNED
2,12,256,4629.15296952,1,0.96,0.4,0.27,0.29,153,4842.29121588,RETURNED
2,12,256,4624.94004427,2,0.56,0.16,0.26,0.14,129,4629.20903637,RETURNED
2,12,256,4280.03057106,3,0.8,0.26,0.27,0.27,142,4289.91842759,RETURNED
2,12,256,4276.55216988,4,2.22,0.25,0.25,1.71,122,4280.97585178,RETURNED
2,12,256,4266.91223165,5,0.69,0.26,0.25,0.18,121,4270.68132054,RETURNED
2,12,256,4221.1413567,6,2.1,1.6,0.25,0.25,124,4224.45361602,RETURNED
2,12,256,0.691630493152,7,0.79,0.24,0.23,0.32,129,0.751567480496,RETURNED
2,12,256,0.52663976084,8,0.6,0.16,0.26,0.18,130,0.58212380441,RETURNED
2,12,256,0.518706480157,9,0.86,0.2,0.26,0.4,132,0.52663976084,RETURNED
2,12,256,0.500770427243,10,2.43,0.47,0.26,1.7,135,0.504777649188,RETURNED
2,12,256,0.451573319762,11,0.82,0.33,0.26,0.23,128,0.455937007193,RETURNED
2,12,256,0.425965277705,12,0.66,0.25,0.27,0.14,148,0.425965277705,RETURNED
2,12,256,0.401113136486,13,0.96,0.29,0.25,0.42,123,0.404177517292,RETURNED
2,12,256,0.398769852618,14,0.71,0.26,0.26,0.19,127,0.404177517292,RETURNED
2,13,256,5006.37927543,0,0.76,0.33,0.26,0.17,132,5100.6649031,RETURNED
2,13,256,4836.69499045,1,0.83,0.27,0.26,0.3,150,4842.38077032,RETURNED
2,13,256,4764.23195255,2,1.68,0.28,0.25,1.15,125,4768.04017214,RETURNED
2,13,256,4277.48990844,3,1.08,0.63,0.26,0.19,133,4280.78840809,RETURNED
2,13,256,4273.04289087,4,1.61,0.17,0.25,1.18,133,4276.970507,RETURNED
2,13,256,4220.81176164,5,2.17,1.76,0.26,0.15,148,4224.45361602,RETURNED
2,13,256,0.576826483033,6,2.03,1.55,0.22,0.26,129,0.688250704685,RETURNED
2,13,256,0.494408741377,7,0.87,0.45,0.26,0.16,141,0.494408741377,RETURNED
2,13,256,0.455488070937,8,0.63,0.2,0.25,0.19,122,0.468392931439,RETURNED
2,13,256,0.427419526441,9,0.94,0.37,0.25,0.32,128,0.437492049211,RETURNED
2,13,256,0.433163892679,10,0.79,0.19,0.26,0.34,126,0.434704606565,RETURNED
2,13,256,0.407475719211,11,0.68,0.19,0.26,0.24,133,0.413099357063,RETURNED
2,13,256,0.394537967448,12,1.01,0.55,0.26,0.21,145,0.404177517292,RETURNED
2,13,256,0.397222775351,13,0.8,0.22,0.26,0.31,143,0.397222775351,RETURNED
2,13,256,0.381153817125,14,0.95,0.26,0.26,0.42,143,0.381153817125,RETURNED
2,14,256,4927.64888967,0,1.97,1.58,0.26,0.13,135,4932.41144709,RETURNED
2,14,256,4625.48888675,1,1.74,0.34,0.26,1.13,120,4629.34309544,RETURNED
2,14,256,4275.28521976,2,0.87,0.41,0.26,0.2,134,4279.72305626,RETURNED
2,14,256,4270.99925586,3,0.88,0.4,0.25,0.23,132,4276.20908995,RETURNED
2,14,256,4200.4575461,4,1.67,0.97,0.26,0.43,151,4205.65838859,RETURNED
2,14,256,4196.99047219,5,1.5,0.31,0.26,0.92,138,4200.48458359,RETURNED
2,14,256,0.599354948415,6,1.47,0.41,0.25,0.81,130,0.631809019782,RETURNED
2,14,256,0.487940491853,7,0.98,0.19,0.24,0.56,124,0.537141093884,RETURNED
2,14,256,0.476263735154,8,1.61,1.0,0.25,0.35,126,0.486452565883,RETURNED
2,14,256,0.425965277705,9,1.26,0.36,0.26,0.65,125,0.434704606565,RETURNED
2,14,256,0.413099357063,10,0.8,0.24,0.26,0.29,138,0.413099357063,RETURNED
2,14,256,0.407475719211,11,0.97,0.42,0.27,0.28,143,0.407475719211,RETURNED
2,14,256,0.384662086802,12,0.77,0.28,0.26,0.23,134,0.394537967448,RETURNED
2,14,256,0.382914917906,13,0.84,0.26,0.27,0.31,142,0.382914917906,RETURNED
2,14,256,0.369986441891,14,1.09,0.35,0.29,0.45,134,0.37383203114,RETURNED
2,15,256,4842.04736091,0,0.55,0.16,0.26,0.13,128,4845.78453692,RETURNED
2,15,256,4838.04843215,1,0.7,0.29,0.26,0.14,128,4842.14183558,RETURNED
2,15,256,4449.4197053,2,1.4,0.94,0.26,0.2,126,4453.00183061,RETURNED
2,15,256,4545.75018284,3,1.5,1.1,0.26,0.15,131,4550.50887868,RETURNED
2,15,256,4271.46424026,4,1.63,0.22,0.26,1.15,133,4276.80576111,RETURNED
2,15,256,4191.82519999,5,3.76,2.29,0.26,1.22,133,4224.32974908,RETURNED
2,15,256,0.51602613743,6,0.58,0.16,0.26,0.15,138,0.521426099456,RETURNED
2,15,256,0.503079517931,7,0.74,0.22,0.26,0.27,138,0.52054206474,RETURNED
2,15,256,0.485994528155,8,0.73,0.3,0.25,0.18,116,0.486727270114,RETURNED
2,15,256,0.461380321545,9,0.71,0.24,0.25,0.22,123,0.470048652448,RETURNED
2,15,256,0.427249253093,10,0.63,0.23,0.25,0.15,123,0.431597063648,RETURNED
2,15,256,0.435653322679,11,0.67,0.27,0.26,0.14,127,0.444724885155,RETURNED
2,15,256,0.404177517292,12,1.54,1.01,0.26,0.28,130,0.404177517292,RETURNED
2,15,256,0.404177517292,13,0.9,0.33,0.26,0.31,131,0.404177517292,RETURNED
2,15,256,0.394803402409,14,0.9,0.49,0.25,0.16,126,0.394803402409,RETURNED
