0,78.18,2.18
0,0,40,460.1591648,0,2.89,0.42,0.56,1.91,2448,616.69301178,RETURNED,0.2,0.7,32,100,pop:sample:9
0,0,40,184.628672545,1,1.12,0.25,0.56,0.31,2452,218.846260161,RETURNED,0.2,0.7,32,100,pop:sample:21
0,0,40,81.048732637,2,1.01,0.27,0.57,0.17,2427,87.2740479904,RETURNED,0.2,0.7,32,100,pop:sample:35
0,0,40,71.4024495383,3,1.27,0.31,0.57,0.39,2493,74.8738700031,RETURNED,0.2,0.7,32,100,pop:sample:39
0,0,40,50.275361981,4,1.61,0.65,0.56,0.39,2452,56.3188841086,RETURNED,0.2,0.7,32,100,pop:sample:50
0,0,40,42.114587196,5,1.41,0.46,0.56,0.39,2455,49.2163297817,RETURNED,0.2,0.7,32,100,pop:sample:64
0,0,40,38.510455256,6,1.06,0.28,0.56,0.22,2441,41.6433620093,RETURNED,0.2,0.7,32,100,pop:sample:77
0,0,40,35.5313519195,7,1.24,0.38,0.56,0.3,2483,38.3276952565,RETURNED,0.2,0.7,32,100,pop:sample:90
0,0,40,30.9148596963,8,2.3,0.81,0.56,0.93,2495,33.3751030272,RETURNED,0.2,0.7,32,100,pop:sample:107
0,0,40,26.3504743945,9,1.23,0.32,0.58,0.33,2500,28.5376040193,RETURNED,0.2,0.7,32,100,pop:sample:127
0,0,40,23.9102229562,10,1.3,0.58,0.57,0.16,2438,26.2308223779,RETURNED,0.2,0.7,32,100,pop:sample:141
0,0,40,21.57578615,11,1.23,0.3,0.56,0.37,2449,23.6317956125,RETURNED,0.2,0.7,32,100,pop:sample:151
0,0,40,17.7081117126,12,3.13,2.02,0.57,0.54,2463,19.6766759143,RETURNED,0.2,0.7,32,100,pop:sample:166
0,0,40,13.0498238133,13,1.44,0.54,0.56,0.34,2462,14.6219311792,RETURNED,0.2,0.7,32,100,pop:sample:193
0,0,40,10.9231145793,14,1.16,0.47,0.56,0.13,2543,12.4741764663,RETURNED,0.2,0.7,32,100,pop:sample:214
0,0,40,9.67837793757,15,1.43,0.52,0.57,0.34,2459,10.9328525509,RETURNED,0.2,0.7,32,100,pop:sample:225
0,0,40,6.94996438106,16,1.81,0.64,0.56,0.6,2460,8.16636499768,RETURNED,0.2,0.7,32,100,pop:sample:244
0,0,40,5.91211196765,17,2.88,0.19,0.56,2.14,2392,6.96137481574,RETURNED,0.2,0.7,32,100,pop:sample:258
0,0,40,4.07502041642,18,1.37,0.51,0.58,0.28,2465,4.9089394792,RETURNED,0.2,0.7,32,100,pop:sample:277
0,0,40,2.72547972165,19,2.87,0.4,0.56,1.91,2486,3.41835566712,RETURNED,0.2,0.7,32,100,pop:sample:286
0,1,40,281.821700112,0,1.77,0.43,0.56,0.78,2456,499.323187209,RETURNED,0.2,0.7,32,100,pop:sample:4
0,1,40,154.480879537,1,1.23,0.42,0.56,0.25,2454,281.896151002,RETURNED,0.2,0.7,32,100,pop:sample:14
0,1,40,127.091414205,2,1.34,0.39,0.57,0.38,2474,143.017101334,RETURNED,0.2,0.7,32,100,pop:sample:20
0,1,40,75.0450701719,3,1.24,0.45,0.56,0.23,2487,87.2700786921,RETURNED,0.2,0.7,32,100,pop:sample:34
0,1,40,68.2225327412,4,1.08,0.23,0.56,0.29,2457,71.9087446711,RETURNED,0.2,0.7,32,100,pop:sample:41
0,1,40,50.7283866996,5,1.14,0.33,0.56,0.26,2473,58.288621965,RETURNED,0.2,0.7,32,100,pop:sample:49
0,1,40,47.1746672459,6,1.45,0.63,0.56,0.27,2460,50.2416900165,RETURNED,0.2,0.7,32,100,pop:sample:59
0,1,40,39.2113202098,7,1.14,0.39,0.56,0.19,2493,42.2386440079,RETURNED,0.2,0.7,32,100,pop:sample:68
0,1,40,35.5934327508,8,1.73,0.55,0.56,0.62,2443,38.4552646084,RETURNED,0.2,0.7,32,100,pop:sample:83
0,1,40,30.9392593641,9,1.45,0.5,0.56,0.38,2498,33.4126495167,RETURNED,0.2,0.7,32,100,pop:sample:102
0,1,40,28.533440355,10,1.09,0.3,0.56,0.24,2457,30.9481567874,RETURNED,0.2,0.7,32,100,pop:sample:117
0,1,40,26.3227789279,11,1.17,0.38,0.56,0.23,2475,28.5692933772,RETURNED,0.2,0.7,32,100,pop:sample:129
0,1,40,24.0240996065,12,1.26,0.57,0.56,0.13,2486,26.2061957611,RETURNED,0.2,0.7,32,100,pop:sample:140
0,1,40,20.7744326024,13,1.27,0.57,0.57,0.14,2460,22.7767814907,RETURNED,0.2,0.7,32,100,pop:sample:156
0,1,40,18.2583266285,14,1.2,0.33,0.58,0.3,2498,20.0262756949,RETURNED,0.2,0.7,32,100,pop:sample:162
0,1,40,16.0537083199,15,1.5,0.74,0.57,0.2,2521,17.8359108479,RETURNED,0.2,0.7,32,100,pop:sample:176
0,1,40,13.3100192437,16,1.33,0.36,0.57,0.41,2497,14.8519173023,RETURNED,0.2,0.7,32,100,pop:sample:191
0,1,40,11.1658050171,17,1.13,0.35,0.56,0.21,2533,12.6972316733,RETURNED,0.2,0.7,32,100,pop:sample:207
0,1,40,9.7361894851,18,2.69,0.23,0.56,1.9,2457,11.1235042921,RETURNED,0.2,0.7,32,100,pop:sample:221
0,1,40,6.06752693914,19,3.15,2.32,0.56,0.27,2446,7.01022486754,RETURNED,0.2,0.7,32,100,pop:sample:249
0,2,40,376.098114114,0,2.32,0.92,0.56,0.84,2392,547.065185377,RETURNED,0.2,0.7,32,100,pop:sample:3
0,2,40,258.518968779,1,1.13,0.16,0.56,0.41,2497,265.390632308,RETURNED,0.2,0.7,32,100,pop:sample:15
0,2,40,87.1603912718,2,1.26,0.41,0.58,0.27,2500,153.467021494,RETURNED,0.2,0.7,32,100,pop:sample:22
0,2,40,113.294233118,3,2.92,0.49,0.57,1.86,2496,119.691752352,RETURNED,0.2,0.7,32,100,pop:sample:32
0,2,40,52.4995162397,4,1.35,0.36,0.57,0.43,2392,57.2641962456,RETURNED,0.2,0.7,32,100,pop:sample:56
0,2,40,42.3019867743,5,1.29,0.33,0.57,0.39,2486,47.6032513462,RETURNED,0.2,0.7,32,100,pop:sample:65
0,2,40,38.3896558699,6,1.31,0.36,0.57,0.39,2466,41.6479616028,RETURNED,0.2,0.7,32,100,pop:sample:79
0,2,40,33.3751030272,7,1.15,0.19,0.56,0.4,2520,35.9887533147,RETURNED,0.2,0.7,32,100,pop:sample:94
0,2,40,30.9228040869,8,2.31,0.46,0.57,1.28,2480,33.399830702,RETURNED,0.2,0.7,32,100,pop:sample:105
0,2,40,26.1058391569,9,1.26,0.21,0.57,0.48,2451,28.5446624128,RETURNED,0.2,0.7,32,100,pop:sample:126
0,2,40,23.3356138691,10,1.61,0.42,0.57,0.62,2481,25.4853666334,RETURNED,0.2,0.7,32,100,pop:sample:143
0,2,40,19.8812524795,11,1.32,0.49,0.58,0.25,2414,21.6994512188,RETURNED,0.2,0.7,32,100,pop:sample:159
0,2,40,16.33360122,12,1.36,0.41,0.57,0.39,2434,18.1109945178,RETURNED,0.2,0.7,32,100,pop:sample:173
0,2,40,14.2416220404,13,1.64,0.72,0.57,0.35,2395,16.0268087242,RETURNED,0.2,0.7,32,100,pop:sample:187
0,2,40,11.3009546325,14,1.1,0.24,0.57,0.29,2488,12.7106013906,RETURNED,0.2,0.7,32,100,pop:sample:206
0,2,40,10.0529311973,15,1.08,0.27,0.57,0.25,2439,11.3043299466,RETURNED,0.2,0.7,32,100,pop:sample:218
0,2,40,8.35151106322,16,1.45,0.64,0.56,0.25,2457,9.76289292562,RETURNED,0.2,0.7,32,100,pop:sample:232
0,2,40,7.19342623517,17,1.18,0.33,0.57,0.28,2472,8.33355718268,RETURNED,0.2,0.7,32,100,pop:sample:245
0,2,40,5.89693098754,18,2.9,0.68,0.56,1.65,2410,6.91352797449,RETURNED,0.2,0.7,32,100,pop:sample:257
0,2,40,4.12984841828,19,1.2,0.23,0.56,0.41,2457,4.99075864159,RETURNED,0.2,0.7,32,100,pop:sample:274
0,3,40,359.277193873,0,2.94,0.36,0.57,2.01,2470,595.850031062,RETURNED,0.2,0.7,32,100,pop:sample:1
0,3,40,149.398161832,1,1.3,0.36,0.57,0.37,2525,166.595319069,RETURNED,0.2,0.7,32,100,pop:sample:18
0,3,40,122.112443897,2,1.3,0.44,0.57,0.29,2444,127.156472958,RETURNED,0.2,0.7,32,100,pop:sample:29
0,3,40,56.5553158211,3,3.89,2.94,0.57,0.39,2519,66.0634529839,RETURNED,0.2,0.7,32,100,pop:sample:43
0,3,40,41.2404272446,4,1.05,0.3,0.58,0.17,2451,45.2276362761,RETURNED,0.2,0.7,32,100,pop:sample:67
0,3,40,36.1809199296,5,1.29,0.55,0.57,0.17,2476,38.867261466,RETURNED,0.2,0.7,32,100,pop:sample:80
0,3,40,33.163475955,6,2.03,0.5,0.58,0.95,2458,35.7668276626,RETURNED,0.2,0.7,32,100,pop:sample:95
0,3,40,28.9789416785,7,1.13,0.25,0.57,0.31,2504,31.0228453887,RETURNED,0.2,0.7,32,100,pop:sample:115
0,3,40,26.7754743289,8,1.33,0.44,0.57,0.32,2471,29.0335541411,RETURNED,0.2,0.7,32,100,pop:sample:124
0,3,40,23.6333660403,9,1.25,0.48,0.57,0.21,2444,26.0959614528,RETURNED,0.2,0.7,32,100,pop:sample:138
0,3,40,21.2988174482,10,2.73,0.73,0.57,1.44,2444,23.464135343,RETURNED,0.2,0.7,32,100,pop:sample:152
0,3,40,15.8195263954,11,1.22,0.46,0.57,0.2,2494,17.8673335023,RETURNED,0.2,0.7,32,100,pop:sample:179
0,3,40,12.6732658449,12,1.34,0.58,0.57,0.19,2403,14.3560831572,RETURNED,0.2,0.7,32,100,pop:sample:194
0,3,40,10.9849008001,13,1.66,0.43,0.57,0.67,2450,12.6643877229,RETURNED,0.2,0.7,32,100,pop:sample:209
0,3,40,8.7719955253,14,1.41,0.35,0.56,0.5,2481,10.1078111021,RETURNED,0.2,0.7,32,100,pop:sample:228
0,3,40,7.08151978365,15,2.76,0.47,0.57,1.72,2452,8.15429881625,RETURNED,0.2,0.7,32,100,pop:sample:246
0,3,40,4.94945198663,16,1.77,0.82,0.58,0.37,2473,5.91708975473,RETURNED,0.2,0.7,32,100,pop:sample:265
0,3,40,3.40400856944,17,1.52,0.6,0.58,0.33,2445,4.09640452704,RETURNED,0.2,0.7,32,100,pop:sample:278
0,3,40,2.70365423959,18,1.59,0.79,0.56,0.23,2455,3.31047134167,RETURNED,0.2,0.7,32,100,pop:sample:289
0,3,40,2.18188557308,19,1.26,0.23,0.56,0.48,2445,2.73394522611,RETURNED,0.2,0.7,32,100,pop:sample:294
0,4,40,306.16280076,0,1.6,0.77,0.58,0.25,2507,512.673131229,RETURNED,0.2,0.7,32,100,pop:sample:2
0,4,40,223.640620964,1,1.36,0.46,0.58,0.31,2463,281.979283902,RETURNED,0.2,0.7,32,100,pop:sample:13
0,4,40,185.634532097,2,1.5,0.34,0.57,0.58,2517,202.900771694,RETURNED,0.2,0.7,32,100,pop:sample:19
0,4,40,94.549494555,3,1.5,0.62,0.57,0.3,2504,120.144090583,RETURNED,0.2,0.7,32,100,pop:sample:33
0,4,40,71.6382698627,4,1.38,0.41,0.58,0.39,2458,74.9210907111,RETURNED,0.2,0.7,32,100,pop:sample:44
0,4,40,49.1642654656,5,2.19,0.42,0.58,1.19,2459,52.7803413675,RETURNED,0.2,0.7,32,100,pop:sample:54
0,4,40,38.8387644666,6,1.38,0.31,0.57,0.5,2482,41.6674849765,RETURNED,0.2,0.7,32,100,pop:sample:70
0,4,40,35.3075002559,7,1.29,0.28,0.58,0.43,2483,38.3377612062,RETURNED,0.2,0.7,32,100,pop:sample:89
0,4,40,32.3904653175,8,2.85,1.96,0.58,0.32,2470,35.1908934966,RETURNED,0.2,0.7,32,100,pop:sample:109
0,4,40,24.2990702616,9,3.88,3.04,0.57,0.27,2470,26.412778231,RETURNED,0.2,0.7,32,100,pop:sample:133
0,4,40,17.938836422,10,1.33,0.19,0.58,0.57,2411,19.6364036453,RETURNED,0.2,0.7,32,100,pop:sample:170
0,4,40,14.50182173,11,2.1,1.23,0.58,0.29,2484,15.9998127771,RETURNED,0.2,0.7,32,100,pop:sample:185
0,4,40,11.8080741726,12,1.05,0.19,0.58,0.29,2495,13.3131476956,RETURNED,0.2,0.7,32,100,pop:sample:204
0,4,40,10.2054896394,13,1.09,0.2,0.57,0.32,2469,11.8226789783,RETURNED,0.2,0.7,32,100,pop:sample:217
0,4,40,8.66808144725,14,0.9,0.17,0.57,0.16,2420,9.83461784361,RETURNED,0.2,0.7,32,100,pop:sample:231
0,4,40,7.3571277606,15,2.77,0.46,0.59,1.71,2478,8.47068973306,RETURNED,0.2,0.7,32,100,pop:sample:241
0,4,40,4.99185104959,16,1.21,0.17,0.58,0.47,2517,5.97685477751,RETURNED,0.2,0.7,32,100,pop:sample:259
0,4,40,4.16826862728,17,1.22,0.4,0.57,0.24,2469,4.97749234739,RETURNED,0.2,0.7,32,100,pop:sample:269
0,4,40,3.27300587777,18,4.09,1.85,0.57,1.67,2452,4.05407800952,RETURNED,0.2,0.7,32,100,pop:sample:280
0,4,40,1.74208417621,19,1.22,0.29,0.57,0.36,2463,2.17795145297,RETURNED,0.2,0.7,32,100,pop:sample:300
0,5,40,398.788681569,0,3.68,2.68,0.57,0.44,2470,575.511917038,RETURNED,0.2,0.7,32,100,pop:sample:6
0,5,40,102.851650126,1,2.42,0.33,0.58,1.51,2479,139.476303602,RETURNED,0.2,0.7,32,100,pop:sample:26
0,5,40,57.2610307406,2,1.12,0.24,0.57,0.3,2436,60.5954869483,RETURNED,0.2,0.7,32,100,pop:sample:45
0,5,40,47.7613535769,3,1.17,0.2,0.57,0.4,2466,52.2160833475,RETURNED,0.2,0.7,32,100,pop:sample:55
0,5,40,41.632485418,4,1.05,0.25,0.58,0.23,2451,45.2720075575,RETURNED,0.2,0.7,32,100,pop:sample:62
0,5,40,38.5650651509,5,1.4,0.58,0.58,0.24,2494,41.6961308056,RETURNED,0.2,0.7,32,100,pop:sample:72
0,5,40,35.3887447529,6,1.38,0.52,0.57,0.29,2468,38.346255838,RETURNED,0.2,0.7,32,100,pop:sample:88
0,5,40,31.2904994362,7,2.07,1.0,0.57,0.5,2443,33.3715079665,RETURNED,0.2,0.7,32,100,pop:sample:104
0,5,40,27.5595647324,8,1.31,0.36,0.56,0.38,2456,29.7654484459,RETURNED,0.2,0.7,32,100,pop:sample:122
0,5,40,25.2370966699,9,1.32,0.45,0.57,0.29,2411,27.564974025,RETURNED,0.2,0.7,32,100,pop:sample:134
0,5,40,21.8104409151,10,1.68,0.59,0.57,0.52,2495,23.7835347508,RETURNED,0.2,0.7,32,100,pop:sample:148
0,5,40,18.0809467904,11,1.03,0.22,0.59,0.22,2425,20.0915547019,RETURNED,0.2,0.7,32,100,pop:sample:161
0,5,40,17.0214132768,12,1.55,0.58,0.58,0.39,2494,18.7674975458,RETURNED,0.2,0.7,32,100,pop:sample:175
0,5,40,14.1088639465,13,0.94,0.16,0.56,0.22,2400,15.7623393654,RETURNED,0.2,0.7,32,100,pop:sample:189
0,5,40,12.3857131475,14,1.52,0.6,0.58,0.34,2476,14.1252332973,RETURNED,0.2,0.7,32,100,pop:sample:202
0,5,40,9.84567925621,15,1.4,0.56,0.57,0.27,2501,11.2398186253,RETURNED,0.2,0.7,32,100,pop:sample:219
0,5,40,8.23543787851,16,1.5,0.72,0.58,0.21,2447,9.41471256459,RETURNED,0.2,0.7,32,100,pop:sample:234
0,5,40,6.10423525643,17,3.18,2.15,0.56,0.47,2406,6.98272636282,RETURNED,0.2,0.7,32,100,pop:sample:247
0,5,40,4.13815816877,18,3.08,2.27,0.56,0.24,2413,4.98143890799,RETURNED,0.2,0.7,32,100,pop:sample:270
0,5,40,2.29319531016,19,4.14,1.42,0.56,2.16,2472,2.78412173218,RETURNED,0.2,0.7,32,100,pop:sample:290
0,6,40,327.703399919,0,1.76,0.29,0.57,0.91,2476,614.644508405,RETURNED,0.2,0.7,32,100,pop:sample:5
0,6,40,211.995975927,1,1.46,0.43,0.56,0.47,2412,272.060213132,RETURNED,0.2,0.7,32,100,pop:sample:17
0,6,40,116.959594937,2,1.41,0.46,0.57,0.38,2447,127.121959582,RETURNED,0.2,0.7,32,100,pop:sample:28
0,6,40,71.0187575829,3,1.88,0.79,0.57,0.51,2457,74.5801195743,RETURNED,0.2,0.7,32,100,pop:sample:40
0,6,40,50.8692171374,4,1.32,0.44,0.56,0.32,2410,57.258346522,RETURNED,0.2,0.7,32,100,pop:sample:53
0,6,40,46.0810566751,5,1.05,0.35,0.57,0.13,2448,49.5010670211,RETURNED,0.2,0.7,32,100,pop:sample:63
0,6,40,38.5829856885,6,1.14,0.25,0.58,0.31,2441,41.5519311788,RETURNED,0.2,0.7,32,100,pop:sample:73
0,6,40,35.593542126,7,1.55,0.75,0.57,0.23,2473,38.2877324006,RETURNED,0.2,0.7,32,100,pop:sample:91
0,6,40,29.8248041427,8,2.37,0.88,0.57,0.92,2451,32.2441965591,RETURNED,0.2,0.7,32,100,pop:sample:108
0,6,40,25.2988327698,9,3.93,3.13,0.57,0.23,2456,27.543907759,RETURNED,0.2,0.7,32,100,pop:sample:130
0,6,40,18.1525611133,10,1.6,0.17,0.6,0.84,2438,20.1036909748,RETURNED,0.2,0.7,32,100,pop:sample:164
0,6,40,16.0002803344,11,1.3,0.37,0.57,0.37,2500,17.7932367906,RETURNED,0.2,0.7,32,100,pop:sample:182
0,6,40,12.6503534816,12,1.63,0.63,0.57,0.42,2502,14.1489728188,RETURNED,0.2,0.7,32,100,pop:sample:200
0,6,40,10.3854039013,13,1.92,0.82,0.57,0.53,2442,11.8051131473,RETURNED,0.2,0.7,32,100,pop:sample:216
0,6,40,7.35578370477,14,1.63,0.75,0.58,0.3,2436,8.49766769815,RETURNED,0.2,0.7,32,100,pop:sample:239
0,6,40,5.91255260996,15,3.33,2.21,0.57,0.54,2477,6.97367453757,RETURNED,0.2,0.7,32,100,pop:sample:253
0,6,40,3.41353678937,16,1.67,0.93,0.57,0.16,2441,4.17872067145,RETURNED,0.2,0.7,32,100,pop:sample:276
0,6,40,2.74929898402,17,2.53,0.31,0.57,1.65,2498,3.36043254096,RETURNED,0.2,0.7,32,100,pop:sample:287
0,6,40,1.73372872076,18,1.14,0.45,0.57,0.13,2444,2.17471862877,RETURNED,0.2,0.7,32,100,pop:sample:297
0,6,40,1.4012947711,19,2.26,1.54,0.57,0.15,2431,1.73133903099,RETURNED,0.2,0.7,32,100,pop:sample:304
0,7,40,366.302520512,0,1.29,0.46,0.56,0.27,2452,523.997414281,RETURNED,0.2,0.7,32,100,pop:sample:11
0,7,40,161.859617438,1,1.85,0.59,0.57,0.7,2487,292.164215269,RETURNED,0.2,0.7,32,100,pop:sample:12
0,7,40,149.02038005,2,1.1,0.31,0.57,0.23,2474,154.504659007,RETURNED,0.2,0.7,32,100,pop:sample:23
0,7,40,75.094557368,3,1.18,0.34,0.58,0.27,2504,87.1742829348,RETURNED,0.2,0.7,32,100,pop:sample:30
0,7,40,68.9238466607,4,1.19,0.48,0.57,0.15,2473,72.6666186569,RETURNED,0.2,0.7,32,100,pop:sample:42
0,7,40,59.7216510884,5,1.11,0.3,0.58,0.23,2443,64.2518928703,RETURNED,0.2,0.7,32,100,pop:sample:51
0,7,40,42.2386440079,6,1.11,0.4,0.56,0.15,2450,46.5016168307,RETURNED,0.2,0.7,32,100,pop:sample:61
0,7,40,40.9881784947,7,1.13,0.29,0.57,0.27,2493,44.6312312071,RETURNED,0.2,0.7,32,100,pop:sample:71
0,7,40,35.5976074865,8,1.21,0.27,0.56,0.38,2465,38.4111261444,RETURNED,0.2,0.7,32,100,pop:sample:84
0,7,40,32.7465483316,9,1.31,0.37,0.56,0.38,2412,35.2802173049,RETURNED,0.2,0.7,32,100,pop:sample:101
0,7,40,30.0885780121,10,1.07,0.36,0.57,0.14,2457,32.2625213993,RETURNED,0.2,0.7,32,100,pop:sample:113
0,7,40,27.4613466158,11,2.55,0.4,0.57,1.58,2493,29.7767007295,RETURNED,0.2,0.7,32,100,pop:sample:120
0,7,40,21.8414043155,12,1.41,0.38,0.56,0.47,2487,23.7213928395,RETURNED,0.2,0.7,32,100,pop:sample:147
0,7,40,19.8021462398,13,1.01,0.25,0.57,0.19,2442,21.7868234847,RETURNED,0.2,0.7,32,100,pop:sample:160
0,7,40,18.0561366752,14,1.57,0.23,0.56,0.77,2338,19.8812524795,RETURNED,0.2,0.7,32,100,pop:sample:169
0,7,40,14.3359232402,15,1.05,0.19,0.57,0.29,2454,16.0646284854,RETURNED,0.2,0.7,32,100,pop:sample:186
0,7,40,12.5180975068,16,1.57,0.34,0.57,0.65,2452,14.10541947,RETURNED,0.2,0.7,32,100,pop:sample:199
0,7,40,10.9054916817,17,2.63,0.2,0.57,1.86,2490,12.5246795966,RETURNED,0.2,0.7,32,100,pop:sample:215
0,7,40,6.97367453757,18,1.04,0.26,0.58,0.2,2448,8.12534720685,RETURNED,0.2,0.7,32,100,pop:sample:242
0,7,40,6.04106957706,19,1.57,0.43,0.56,0.59,2473,6.97537530818,RETURNED,0.2,0.7,32,100,pop:sample:252
0,8,40,313.338420787,0,3.56,2.59,0.57,0.4,2441,603.986751059,RETURNED,0.2,0.7,32,100,pop:sample:7
0,8,40,77.7129566174,1,3.48,2.42,0.58,0.48,2518,87.2055060517,RETURNED,0.2,0.7,32,100,pop:sample:27
0,8,40,53.9520673627,2,2.37,0.4,0.57,1.4,2444,57.2630649044,RETURNED,0.2,0.7,32,100,pop:sample:52
0,8,40,39.5195487136,3,1.44,0.54,0.58,0.32,2423,42.2563968161,RETURNED,0.2,0.7,32,100,pop:sample:69
0,8,40,35.3672005568,4,1.13,0.32,0.58,0.22,2472,38.3958758027,RETURNED,0.2,0.7,32,100,pop:sample:86
0,8,40,32.4517378624,5,1.64,0.49,0.57,0.57,2477,35.4708350117,RETURNED,0.2,0.7,32,100,pop:sample:99
0,8,40,28.4503442029,6,1.91,1.11,0.58,0.22,2450,30.9537805248,RETURNED,0.2,0.7,32,100,pop:sample:116
0,8,40,24.0593574107,7,1.47,0.51,0.57,0.39,2464,26.0929539503,RETURNED,0.2,0.7,32,100,pop:sample:136
0,8,40,21.4408291408,8,1.62,0.45,0.57,0.6,2446,23.6509191835,RETURNED,0.2,0.7,32,100,pop:sample:150
0,8,40,18.7056904074,9,1.1,0.4,0.58,0.13,2430,20.4771492708,RETURNED,0.2,0.7,32,100,pop:sample:165
0,8,40,16.1388381557,10,1.84,0.63,0.57,0.65,2496,17.8540828286,RETURNED,0.2,0.7,32,100,pop:sample:177
0,8,40,12.7716886321,11,1.17,0.42,0.57,0.18,2431,14.3537296251,RETURNED,0.2,0.7,32,100,pop:sample:196
0,8,40,11.2238373201,12,1.17,0.17,0.58,0.41,2527,12.7228005146,RETURNED,0.2,0.7,32,100,pop:sample:210
0,8,40,9.73820158555,13,1.19,0.33,0.57,0.28,2436,11.1034647846,RETURNED,0.2,0.7,32,100,pop:sample:223
0,8,40,7.60421830524,14,1.97,1.09,0.58,0.3,2461,8.68408000041,RETURNED,0.2,0.7,32,100,pop:sample:238
0,8,40,5.86139498633,15,3.28,2.27,0.58,0.43,2405,6.96940478858,RETURNED,0.2,0.7,32,100,pop:sample:256
0,8,40,4.20488866228,16,2.95,0.54,0.58,1.83,2499,4.93592924026,RETURNED,0.2,0.7,32,100,pop:sample:275
0,8,40,2.17502434521,17,1.34,0.57,0.57,0.2,2438,2.71388812485,RETURNED,0.2,0.7,32,100,pop:sample:293
0,8,40,1.45766894004,18,1.65,0.7,0.58,0.38,2484,1.81253921261,RETURNED,0.2,0.7,32,100,pop:sample:299
0,8,40,1.20616471994,19,1.41,0.52,0.57,0.31,2474,1.44952923548,RETURNED,0.2,0.7,32,100,pop:sample:305
0,9,40,376.255294808,0,2.79,0.54,0.57,1.68,2496,553.356224577,RETURNED,0.2,0.7,32,100,pop:sample:10
0,9,40,119.988573679,1,1.45,0.71,0.57,0.17,2387,132.97068649,RETURNED,0.2,0.7,32,100,pop:sample:24
0,9,40,93.5727727585,2,0.95,0.22,0.58,0.16,2484,119.938056087,RETURNED,0.2,0.7,32,100,pop:sample:31
0,9,40,71.6008775185,3,1.16,0.38,0.57,0.21,2476,76.4585630519,RETURNED,0.2,0.7,32,100,pop:sample:38
0,9,40,52.1716818265,4,1.07,0.23,0.57,0.26,2469,57.9071170702,RETURNED,0.2,0.7,32,100,pop:sample:48
0,9,40,47.5625310439,5,1.24,0.53,0.58,0.14,2442,50.7472817751,RETURNED,0.2,0.7,32,100,pop:sample:57
0,9,40,41.7587576326,6,1.18,0.37,0.57,0.24,2419,44.6906835321,RETURNED,0.2,0.7,32,100,pop:sample:66
0,9,40,38.7627226545,7,1.36,0.55,0.57,0.24,2437,41.2377402094,RETURNED,0.2,0.7,32,100,pop:sample:78
0,9,40,32.8779823746,8,1.64,0.68,0.56,0.4,2428,35.3833469836,RETURNED,0.2,0.7,32,100,pop:sample:96
0,9,40,30.1068577853,9,1.17,0.47,0.56,0.14,2410,32.2212642309,RETURNED,0.2,0.7,32,100,pop:sample:112
0,9,40,27.4994736641,10,1.27,0.37,0.57,0.33,2488,29.7808592992,RETURNED,0.2,0.7,32,100,pop:sample:121
0,9,40,23.7104001517,11,1.54,0.69,0.57,0.28,2479,25.999597941,RETURNED,0.2,0.7,32,100,pop:sample:135
0,9,40,21.6391538301,12,1.07,0.38,0.57,0.12,2479,23.7594137834,RETURNED,0.2,0.7,32,100,pop:sample:149
0,9,40,19.6245975394,13,1.19,0.4,0.59,0.2,2442,21.6461597316,RETURNED,0.2,0.7,32,100,pop:sample:158
0,9,40,17.7916605289,14,1.0,0.19,0.57,0.25,2488,19.6976440518,RETURNED,0.2,0.7,32,100,pop:sample:172
0,9,40,15.8047553048,15,1.31,0.21,0.57,0.52,2505,17.7805166739,RETURNED,0.2,0.7,32,100,pop:sample:181
0,9,40,13.4042628054,16,1.34,0.39,0.57,0.37,2540,14.8190513125,RETURNED,0.2,0.7,32,100,pop:sample:198
0,9,40,11.1041722881,17,1.13,0.3,0.58,0.25,2505,12.6319849402,RETURNED,0.2,0.7,32,100,pop:sample:211
0,9,40,9.69982602015,18,1.07,0.19,0.57,0.31,2470,11.0717423165,RETURNED,0.2,0.7,32,100,pop:sample:224
0,9,40,8.16138414877,19,0.94,0.19,0.57,0.17,2503,9.41186920293,RETURNED,0.2,0.7,32,100,pop:sample:235
0,10,40,336.489735804,0,3.49,2.63,0.57,0.3,2458,598.879150005,RETURNED,0.2,0.7,32,100,pop:sample:8
0,10,40,179.350211256,1,1.04,0.35,0.57,0.12,2436,220.547266826,RETURNED,0.2,0.7,32,100,pop:sample:25
0,10,40,66.0094491784,2,1.33,0.52,0.57,0.24,2475,87.1676384972,RETURNED,0.2,0.7,32,100,pop:sample:36
0,10,40,54.4346380998,3,1.65,0.38,0.58,0.69,2460,65.6593905444,RETURNED,0.2,0.7,32,100,pop:sample:46
0,10,40,45.0795867512,4,2.7,1.84,0.57,0.29,2452,48.1980728103,RETURNED,0.2,0.7,32,100,pop:sample:60
0,10,40,35.9979536552,5,1.05,0.27,0.57,0.22,2464,38.8319190861,RETURNED,0.2,0.7,32,100,pop:sample:81
0,10,40,32.1782681457,6,1.34,0.52,0.57,0.26,2489,35.3889666638,RETURNED,0.2,0.7,32,100,pop:sample:97
0,10,40,29.7527486853,7,1.77,0.29,0.57,0.91,2443,32.2590552265,RETURNED,0.2,0.7,32,100,pop:sample:111
0,10,40,26.2885505606,8,1.25,0.38,0.57,0.3,2490,28.49973736,RETURNED,0.2,0.7,32,100,pop:sample:128
0,10,40,23.8443090513,9,3.11,0.34,0.57,2.2,2400,26.1870538476,RETURNED,0.2,0.7,32,100,pop:sample:139
0,10,40,17.8464411675,10,1.16,0.29,0.58,0.3,2466,19.6497589232,RETURNED,0.2,0.7,32,100,pop:sample:171
0,10,40,14.6096832925,11,1.53,0.43,0.58,0.52,2489,16.3540994149,RETURNED,0.2,0.7,32,100,pop:sample:184
0,10,40,12.3937573689,12,1.84,1.05,0.57,0.22,2448,14.1377899769,RETURNED,0.2,0.7,32,100,pop:sample:201
0,10,40,9.75683689617,13,1.35,0.39,0.58,0.39,2464,11.1692869663,RETURNED,0.2,0.7,32,100,pop:sample:220
0,10,40,8.17925668383,14,1.54,0.41,0.57,0.56,2434,9.41230618294,RETURNED,0.2,0.7,32,100,pop:sample:233
0,10,40,6.21921461103,15,1.79,0.37,0.57,0.84,2477,7.28226427762,RETURNED,0.2,0.7,32,100,pop:sample:248
0,10,40,5.0333342737,16,1.32,0.46,0.57,0.29,2485,5.94567016394,RETURNED,0.2,0.7,32,100,pop:sample:263
0,10,40,4.08510747459,17,1.07,0.31,0.56,0.2,2447,5.03243962251,RETURNED,0.2,0.7,32,100,pop:sample:273
0,10,40,3.28379198947,18,3.86,1.87,0.57,1.41,2486,4.05457821015,RETURNED,0.2,0.7,32,100,pop:sample:284
0,10,40,1.76145069878,19,1.12,0.23,0.56,0.33,2426,2.18194685523,RETURNED,0.2,0.7,32,100,pop:sample:298
0,11,40,35.5069954248,0,1.1,0.18,0.57,0.36,2428,38.4205230648,RETURNED,0.2,0.7,32,100,pop:sample:85
0,11,40,32.8712206256,1,1.57,0.48,0.56,0.52,2486,35.394466017,RETURNED,0.2,0.7,32,100,pop:sample:98
0,11,40,29.7428074713,2,1.17,0.21,0.57,0.39,2494,32.2322271316,RETURNED,0.2,0.7,32,100,pop:sample:114
0,11,40,26.5125580602,3,1.58,0.5,0.56,0.52,2448,28.8857863579,RETURNED,0.2,0.7,32,100,pop:sample:123
0,11,40,23.7244202221,4,1.19,0.36,0.56,0.26,2430,26.074118162,RETURNED,0.2,0.7,32,100,pop:sample:142
0,11,40,21.5381203222,5,2.56,0.2,0.57,1.79,2460,23.5701358383,RETURNED,0.2,0.7,32,100,pop:sample:153
0,11,40,16.057866004,6,0.91,0.19,0.56,0.15,2476,17.9988650566,RETURNED,0.2,0.7,32,100,pop:sample:178
0,11,40,15.43015212,7,1.56,0.83,0.56,0.16,2415,17.0214132768,RETURNED,0.2,0.7,32,100,pop:sample:188
0,11,40,11.6549030533,8,2.06,1.21,0.56,0.29,2461,13.1565561764,RETURNED,0.2,0.7,32,100,pop:sample:205
0,11,40,8.54257620099,9,1.16,0.4,0.57,0.19,2525,9.87092719671,RETURNED,0.2,0.7,32,100,pop:sample:229
0,11,40,7.32723946803,10,0.99,0.3,0.57,0.12,2523,8.49977392812,RETURNED,0.2,0.7,32,100,pop:sample:240
0,11,40,6.0434979401,11,2.75,2.05,0.57,0.14,2532,7.02310746118,RETURNED,0.2,0.7,32,100,pop:sample:250
0,11,40,4.09686101277,12,2.85,2.14,0.57,0.14,2528,4.94329186876,RETURNED,0.2,0.7,32,100,pop:sample:267
0,11,40,2.23415464031,13,3.24,2.33,0.56,0.34,2434,2.73914521171,RETURNED,0.2,0.7,32,100,pop:sample:288
0,11,40,1.47355204196,14,1.11,0.33,0.56,0.21,2526,1.81027488432,RETURNED,0.2,0.7,32,100,pop:sample:302
0,11,40,1.19894270448,15,2.77,1.72,0.57,0.47,2521,1.4370732761,RETURNED,0.2,0.7,32,100,pop:sample:306
0,11,40,0.330375089613,16,1.7,0.64,0.55,0.51,2347,1.05339096828,RETURNED,0.2,0.7,32,100,pop:sample:313
0,11,40,0.0645365104896,17,2.24,0.44,0.57,1.22,2448,0.435487269746,RETURNED,0.2,0.7,32,100,pop:sample:316
0,11,40,0.0440292134895,18,1.32,0.39,0.56,0.37,2447,0.0645365104896,RETURNED,0.2,0.7,32,100,pop:sample:319
0,11,40,0.0516431615606,19,1.44,0.57,0.57,0.3,2436,0.0632758717862,RETURNED,0.2,0.7,32,100,pop:sample:320
0,12,40,38.6623990119,0,1.32,0.4,0.57,0.36,2477,41.67421985,RETURNED,0.2,0.7,32,100,pop:sample:75
0,12,40,35.1878280925,1,1.4,0.5,0.57,0.33,2482,38.3735237028,RETURNED,0.2,0.7,32,100,pop:sample:92
0,12,40,29.950184882,2,2.93,2.02,0.55,0.36,2455,32.7857867481,RETURNED,0.2,0.7,32,100,pop:sample:106
0,12,40,25.4915505835,3,1.36,0.55,0.55,0.26,2439,27.5598367288,RETURNED,0.2,0.7,32,100,pop:sample:131
0,12,40,23.1053253908,4,1.1,0.4,0.55,0.15,2479,25.2577854008,RETURNED,0.2,0.7,32,100,pop:sample:145
0,12,40,20.0355749987,5,1.12,0.3,0.55,0.27,2459,21.8936806355,RETURNED,0.2,0.7,32,100,pop:sample:157
0,12,40,17.8924408713,6,2.8,1.75,0.54,0.51,2444,19.6478696451,RETURNED,0.2,0.7,32,100,pop:sample:167
0,12,40,13.1565561764,7,1.33,0.27,0.55,0.51,2479,14.6352134194,RETURNED,0.2,0.7,32,100,pop:sample:192
0,12,40,11.1878502396,8,1.33,0.33,0.55,0.45,2511,12.6399891973,RETURNED,0.2,0.7,32,100,pop:sample:213
0,12,40,9.41250029988,9,0.94,0.19,0.56,0.2,2481,10.905486866,RETURNED,0.2,0.7,32,100,pop:sample:226
0,12,40,7.30765963966,10,3.23,2.46,0.54,0.22,2439,8.43005745312,RETURNED,0.2,0.7,32,100,pop:sample:236
0,12,40,5.0346948737,11,1.1,0.34,0.55,0.21,2461,5.98188251684,RETURNED,0.2,0.7,32,100,pop:sample:262
0,12,40,4.16271357004,12,1.52,0.5,0.54,0.48,2435,4.95000563178,RETURNED,0.2,0.7,32,100,pop:sample:268
0,12,40,3.3396987587,13,1.47,0.36,0.55,0.55,2515,4.09633098795,RETURNED,0.2,0.7,32,100,pop:sample:282
0,12,40,2.22435954974,14,1.27,0.49,0.54,0.24,2445,2.73613448454,RETURNED,0.2,0.7,32,100,pop:sample:291
0,12,40,1.80543082801,15,1.24,0.28,0.55,0.41,2467,2.22985599913,RETURNED,0.2,0.7,32,100,pop:sample:296
0,12,40,1.51981041232,16,1.82,0.21,0.55,1.05,2471,2.1148484058,RETURNED,0.2,0.7,32,100,pop:sample:301
0,12,40,1.20945032805,17,1.35,0.41,0.55,0.4,2493,1.47720601914,RETURNED,0.2,0.7,32,100,pop:sample:309
0,12,40,1.05231243553,18,1.23,0.25,0.54,0.44,2460,1.19614138792,RETURNED,0.2,0.7,32,100,pop:sample:310
0,12,40,0.4879633733,19,3.13,2.42,0.55,0.16,2468,1.05356642596,RETURNED,0.2,0.7,32,100,pop:sample:315
0,13,40,220.431136576,0,2.5,0.39,0.56,1.54,2475,279.898981878,RETURNED,0.2,0.7,32,100,pop:sample:16
0,13,40,65.8626686061,1,1.27,0.33,0.56,0.38,2468,87.1806891203,RETURNED,0.2,0.7,32,100,pop:sample:37
0,13,40,62.4077761326,2,1.48,0.61,0.56,0.3,2468,65.8850116173,RETURNED,0.2,0.7,32,100,pop:sample:47
0,13,40,41.7196952689,3,2.73,1.86,0.56,0.31,2481,45.7168778678,RETURNED,0.2,0.7,32,100,pop:sample:58
0,13,40,35.8377368647,4,1.62,0.67,0.57,0.39,2479,38.7396641717,RETURNED,0.2,0.7,32,100,pop:sample:82
0,13,40,32.7442952758,5,1.66,0.55,0.56,0.55,2499,35.3393219707,RETURNED,0.2,0.7,32,100,pop:sample:100
0,13,40,29.0418033036,6,1.56,0.49,0.56,0.5,2486,31.357201884,RETURNED,0.2,0.7,32,100,pop:sample:118
0,13,40,25.5343614978,7,1.38,0.53,0.56,0.28,2457,27.5498785831,RETURNED,0.2,0.7,32,100,pop:sample:132
0,13,40,23.5269512048,8,0.94,0.22,0.56,0.15,2455,25.5679966219,RETURNED,0.2,0.7,32,100,pop:sample:146
0,13,40,20.9145915209,9,1.39,0.31,0.56,0.52,2410,22.9320827694,RETURNED,0.2,0.7,32,100,pop:sample:155
0,13,40,17.8612405042,10,1.11,0.39,0.57,0.16,2506,19.8422220757,RETURNED,0.2,0.7,32,100,pop:sample:168
0,13,40,15.9756053313,11,1.2,0.27,0.56,0.37,2437,17.9943745574,RETURNED,0.2,0.7,32,100,pop:sample:180
0,13,40,14.1194081626,12,1.11,0.32,0.56,0.22,2429,15.8045707143,RETURNED,0.2,0.7,32,100,pop:sample:190
0,13,40,11.6598132353,13,1.57,0.68,0.56,0.33,2478,13.1753141897,RETURNED,0.2,0.7,32,100,pop:sample:203
0,13,40,9.75252367241,14,1.45,0.36,0.56,0.52,2456,11.1233081206,RETURNED,0.2,0.7,32,100,pop:sample:222
0,13,40,8.21322257339,15,1.29,0.4,0.57,0.32,2504,9.45999355796,RETURNED,0.2,0.7,32,100,pop:sample:237
0,13,40,6.01354629305,16,1.79,0.43,0.57,0.8,2525,6.99248133237,RETURNED,0.2,0.7,32,100,pop:sample:251
0,13,40,5.14010298574,17,1.26,0.29,0.56,0.41,2465,6.01445849939,RETURNED,0.2,0.7,32,100,pop:sample:264
0,13,40,4.16119280799,18,1.19,0.43,0.56,0.19,2462,4.98010230379,RETURNED,0.2,0.7,32,100,pop:sample:271
0,13,40,3.28066528992,19,1.67,0.62,0.56,0.48,2413,4.09703684303,RETURNED,0.2,0.7,32,100,pop:sample:281
0,14,40,38.5743332988,0,1.09,0.36,0.58,0.15,2430,41.6522197532,RETURNED,0.2,0.7,32,100,pop:sample:76
0,14,40,35.6696746766,1,1.24,0.44,0.56,0.25,2515,38.4508989547,RETURNED,0.2,0.7,32,100,pop:sample:87
0,14,40,32.5063581847,2,2.52,0.72,0.56,1.24,2454,35.1688746684,RETURNED,0.2,0.7,32,100,pop:sample:103
0,14,40,26.37055374,3,1.23,0.51,0.56,0.16,2527,28.533440355,RETURNED,0.2,0.7,32,100,pop:sample:125
0,14,40,23.5297951584,4,3.64,2.68,0.55,0.41,2508,25.5347280577,RETURNED,0.2,0.7,32,100,pop:sample:137
0,14,40,16.4322228165,5,2.39,0.47,0.54,1.37,2406,18.1312126035,RETURNED,0.2,0.7,32,100,pop:sample:174
0,14,40,12.7649529033,6,1.12,0.31,0.55,0.26,2508,14.3801686709,RETURNED,0.2,0.7,32,100,pop:sample:197
0,14,40,11.2433381486,7,1.94,0.46,0.54,0.94,2443,12.6941236595,RETURNED,0.2,0.7,32,100,pop:sample:208
0,14,40,8.46786930807,8,1.29,0.46,0.55,0.29,2466,9.75494069901,RETURNED,0.2,0.7,32,100,pop:sample:230
0,14,40,7.02081407452,9,1.17,0.37,0.54,0.26,2450,8.19016442163,RETURNED,0.2,0.7,32,100,pop:sample:243
0,14,40,6.04120452765,10,1.26,0.44,0.55,0.27,2469,7.04493653544,RETURNED,0.2,0.7,32,100,pop:sample:255
0,14,40,5.10921777765,11,0.97,0.26,0.55,0.16,2411,6.02906028263,RETURNED,0.2,0.7,32,100,pop:sample:261
0,14,40,4.17170559495,12,1.18,0.19,0.55,0.44,2538,4.99997896567,RETURNED,0.2,0.7,32,100,pop:sample:266
0,14,40,3.39960941312,13,1.01,0.2,0.55,0.27,2458,4.14461116598,RETURNED,0.2,0.7,32,100,pop:sample:279
0,14,40,2.72638508613,14,1.18,0.21,0.54,0.43,2464,3.41310602535,RETURNED,0.2,0.7,32,100,pop:sample:285
0,14,40,2.19593225758,15,2.52,0.44,0.55,1.54,2464,2.73166548404,RETURNED,0.2,0.7,32,100,pop:sample:292
0,14,40,1.44233460103,16,1.19,0.2,0.54,0.44,2479,1.73918206072,RETURNED,0.2,0.7,32,100,pop:sample:303
0,14,40,1.19438392518,17,1.57,0.54,0.54,0.49,2473,1.44178282381,RETURNED,0.2,0.7,32,100,pop:sample:308
0,14,40,1.07423406251,18,1.09,0.21,0.54,0.33,2481,1.21546385511,RETURNED,0.2,0.7,32,100,pop:sample:311
0,14,40,0.435487269746,19,1.24,0.3,0.55,0.39,2472,1.05215172335,RETURNED,0.2,0.7,32,100,pop:sample:314
0,15,40,38.6509577367,0,1.25,0.4,0.59,0.26,2497,41.6968200143,RETURNED,0.2,0.7,32,100,pop:sample:74
0,15,40,35.7398102727,1,1.78,0.66,0.56,0.56,2458,38.407418075,RETURNED,0.2,0.7,32,100,pop:sample:93
0,15,40,32.3603335018,2,1.17,0.44,0.56,0.18,2438,35.1356770367,RETURNED,0.2,0.7,32,100,pop:sample:110
0,15,40,27.795125398,3,2.49,1.64,0.55,0.31,2430,29.7983120659,RETURNED,0.2,0.7,32,100,pop:sample:119
0,15,40,23.4623395143,4,1.0,0.21,0.55,0.24,2500,25.536395266,RETURNED,0.2,0.7,32,100,pop:sample:144
0,15,40,20.4480618992,5,1.18,0.3,0.55,0.33,2415,22.8865202873,RETURNED,0.2,0.7,32,100,pop:sample:154
0,15,40,18.1017837595,6,1.74,0.26,0.55,0.93,2448,20.0655929006,RETURNED,0.2,0.7,32,100,pop:sample:163
0,15,40,14.8085281302,7,1.32,0.34,0.54,0.44,2498,16.3598801956,RETURNED,0.2,0.7,32,100,pop:sample:183
0,15,40,12.7023645671,8,1.23,0.31,0.55,0.37,2485,14.3094910921,RETURNED,0.2,0.7,32,100,pop:sample:195
0,15,40,11.1146205681,9,1.28,0.33,0.55,0.4,2435,12.6476044062,RETURNED,0.2,0.7,32,100,pop:sample:212
0,15,40,9.51349742713,10,2.94,0.44,0.55,1.96,2485,10.8210585121,RETURNED,0.2,0.7,32,100,pop:sample:227
0,15,40,6.02804977478,11,1.31,0.43,0.55,0.33,2474,7.00409761385,RETURNED,0.2,0.7,32,100,pop:sample:254
0,15,40,4.98045863302,12,1.49,0.42,0.54,0.53,2477,6.02926215782,RETURNED,0.2,0.7,32,100,pop:sample:260
0,15,40,4.20903339323,13,1.23,0.35,0.54,0.33,2445,4.98742756542,RETURNED,0.2,0.7,32,100,pop:sample:272
0,15,40,3.32662978298,14,2.53,0.21,0.54,1.78,2486,4.09123172273,RETURNED,0.2,0.7,32,100,pop:sample:283
0,15,40,1.80372742764,15,3.19,0.49,0.54,2.16,2453,2.23705232875,RETURNED,0.2,0.7,32,100,pop:sample:295
0,15,40,1.21251552471,16,2.48,1.67,0.55,0.26,2506,1.4511259617,RETURNED,0.2,0.7,32,100,pop:sample:307
0,15,40,0.622857507544,17,2.0,0.77,0.53,0.7,2445,1.0750363361,RETURNED,0.2,0.7,32,100,pop:sample:312
0,15,40,0.100542301526,18,1.76,0.71,0.55,0.5,2426,0.344374449529,RETURNED,0.2,0.7,32,100,pop:sample:317
0,15,40,0.0505962268317,19,1.2,0.29,0.54,0.37,2500,0.324810562656,RETURNED,0.2,0.7,32,100,pop:sample:318
1,69.76,0.20
1,0,40,328.935295712,0,1.43,0.2,0.62,0.61,2460,586.915618666,RETURNED,0.2,0.7,32,100,pop:sample:1
1,0,40,295.575134988,1,1.53,0.63,0.62,0.28,2470,328.952279848,RETURNED,0.2,0.7,32,100,pop:sample:2
1,0,40,230.089597152,2,2.78,0.58,0.6,1.6,2466,297.129277491,RETURNED,0.2,0.7,32,100,pop:sample:3
1,0,40,218.13560394,3,1.69,0.5,0.58,0.62,2507,224.243571246,RETURNED,0.2,0.7,32,100,pop:sample:10
1,0,40,178.011363866,4,1.91,0.87,0.64,0.4,2463,188.004731138,RETURNED,0.2,0.7,32,100,pop:sample:14
1,0,40,132.530585399,5,1.56,0.53,0.61,0.43,2466,137.74053477,RETURNED,0.2,0.7,32,100,pop:sample:20
1,0,40,125.594430253,6,1.22,0.37,0.57,0.29,2470,130.679641633,RETURNED,0.2,0.7,32,100,pop:sample:37
1,0,40,120.08613467,7,1.29,0.39,0.58,0.32,2529,125.079486972,RETURNED,0.2,0.7,32,100,pop:sample:49
1,0,40,110.394142439,8,1.03,0.19,0.58,0.26,2484,115.096800441,RETURNED,0.2,0.7,32,100,pop:sample:64
1,0,40,102.389847487,9,1.27,0.43,0.57,0.27,2468,106.983473609,RETURNED,0.2,0.7,32,100,pop:sample:78
1,0,40,96.8601630754,10,1.02,0.19,0.57,0.26,2423,101.562479312,RETURNED,0.2,0.7,32,100,pop:sample:94
1,0,40,92.1887836893,11,1.27,0.47,0.57,0.23,2465,96.9520995886,RETURNED,0.2,0.7,32,100,pop:sample:107
1,0,40,84.9739516073,12,1.14,0.29,0.57,0.27,2458,88.8521190823,RETURNED,0.2,0.7,32,100,pop:sample:118
1,0,40,81.8825268121,13,1.26,0.44,0.57,0.25,2446,85.8979362025,RETURNED,0.2,0.7,32,100,pop:sample:130
1,0,40,75.071619001,14,1.32,0.62,0.56,0.14,2403,79.1393423722,RETURNED,0.2,0.7,32,100,pop:sample:144
1,0,40,69.9468471806,15,1.38,0.36,0.57,0.45,2477,74.8952412919,RETURNED,0.2,0.7,32,100,pop:sample:159
1,0,40,65.510071572,16,1.81,0.7,0.6,0.52,2487,69.56245496,RETURNED,0.2,0.7,32,100,pop:sample:169
1,0,40,58.9130349074,17,1.64,0.43,0.57,0.63,2454,62.0967560063,RETURNED,0.2,0.7,32,100,pop:sample:182
1,0,40,54.797911206,18,1.2,0.34,0.57,0.29,2451,58.1633019662,RETURNED,0.2,0.7,32,100,pop:sample:198
1,0,40,51.5826046419,19,1.0,0.2,0.57,0.23,2514,54.7486428273,RETURNED,0.2,0.7,32,100,pop:sample:211
1,1,40,132.758660252,0,2.0,0.49,0.64,0.88,2489,137.735444142,RETURNED,0.2,0.7,32,100,pop:sample:30
1,1,40,115.076548958,1,1.14,0.35,0.57,0.22,2414,121.536628622,RETURNED,0.2,0.7,32,100,pop:sample:53
1,1,40,109.850321075,2,1.29,0.42,0.56,0.31,2414,115.001747974,RETURNED,0.2,0.7,32,100,pop:sample:67
1,1,40,102.01176097,3,1.38,0.3,0.57,0.51,2467,106.582519345,RETURNED,0.2,0.7,32,100,pop:sample:82
1,1,40,95.3497215396,4,2.06,0.39,0.59,1.08,2522,99.9396351137,RETURNED,0.2,0.7,32,100,pop:sample:100
1,1,40,83.5655222148,5,1.98,0.95,0.57,0.46,2486,87.9527032386,RETURNED,0.2,0.7,32,100,pop:sample:123
1,1,40,75.2565984981,6,1.43,0.46,0.58,0.39,2462,79.1152139079,RETURNED,0.2,0.7,32,100,pop:sample:147
1,1,40,67.1892816267,7,2.53,1.79,0.58,0.16,2501,70.7734400118,RETURNED,0.2,0.7,32,100,pop:sample:163
1,1,40,59.778669392,8,1.93,0.45,0.6,0.87,2509,63.3823815495,RETURNED,0.2,0.7,32,100,pop:sample:181
1,1,40,54.8985383032,9,3.15,0.4,0.57,2.18,2483,58.3831166694,RETURNED,0.2,0.7,32,100,pop:sample:197
1,1,40,47.7230183077,10,1.16,0.31,0.58,0.27,2472,51.0199590927,RETURNED,0.2,0.7,32,100,pop:sample:226
1,1,40,44.3688183974,11,1.23,0.35,0.58,0.3,2445,47.3149132266,RETURNED,0.2,0.7,32,100,pop:sample:234
1,1,40,38.583915263,12,2.56,1.12,0.58,0.86,2458,41.2945004733,RETURNED,0.2,0.7,32,100,pop:sample:248
1,1,40,33.4635574559,13,0.9,0.16,0.57,0.17,2450,35.8244328585,RETURNED,0.2,0.7,32,100,pop:sample:265
1,1,40,30.2079234895,14,3.05,0.3,0.57,2.19,2431,32.7541869146,RETURNED,0.2,0.7,32,100,pop:sample:275
1,1,40,23.7118932651,15,1.44,0.31,0.57,0.56,2468,25.7674001734,RETURNED,0.2,0.7,32,100,pop:sample:294
1,1,40,21.2714196496,16,2.07,1.34,0.58,0.15,2450,23.1979503758,RETURNED,0.2,0.7,32,100,pop:sample:303
1,1,40,18.5590515057,17,1.21,0.37,0.57,0.27,2481,20.7303085236,RETURNED,0.2,0.7,32,100,pop:sample:310
1,1,40,16.613648196,18,0.98,0.19,0.57,0.21,2489,18.4479701711,RETURNED,0.2,0.7,32,100,pop:sample:312
1,1,40,14.9451390348,19,1.43,0.38,0.57,0.48,2438,16.6378384519,RETURNED,0.2,0.7,32,100,pop:sample:316
1,2,40,130.128200556,0,1.31,0.4,0.58,0.34,2477,135.714271142,RETURNED,0.2,0.7,32,100,pop:sample:32
1,2,40,119.727387055,1,1.09,0.33,0.58,0.18,2491,125.209935245,RETURNED,0.2,0.7,32,100,pop:sample:43
1,2,40,112.392315088,2,1.31,0.48,0.58,0.26,2474,117.395276242,RETURNED,0.2,0.7,32,100,pop:sample:60
1,2,40,105.329579059,3,4.25,1.75,0.57,1.92,2492,110.558998259,RETURNED,0.2,0.7,32,100,pop:sample:76
1,2,40,87.1659721297,4,2.23,0.18,0.58,1.47,2451,91.7553626096,RETURNED,0.2,0.7,32,100,pop:sample:121
1,2,40,75.205561285,5,1.31,0.43,0.57,0.31,2458,79.1600805315,RETURNED,0.2,0.7,32,100,pop:sample:143
1,2,40,70.1514738011,6,2.71,1.93,0.58,0.2,2437,73.696241606,RETURNED,0.2,0.7,32,100,pop:sample:158
1,2,40,61.9485087673,7,1.09,0.19,0.58,0.33,2481,65.7264914741,RETURNED,0.2,0.7,32,100,pop:sample:179
1,2,40,58.4230777416,8,1.47,0.62,0.57,0.28,2470,61.8358372124,RETURNED,0.2,0.7,32,100,pop:sample:191
1,2,40,52.4828318804,9,1.9,1.07,0.57,0.25,2494,55.6533465268,RETURNED,0.2,0.7,32,100,pop:sample:206
1,2,40,48.2605035498,10,1.51,0.71,0.58,0.22,2482,51.6423789162,RETURNED,0.2,0.7,32,100,pop:sample:219
1,2,40,44.2481599159,11,1.73,0.96,0.57,0.2,2410,47.2371536662,RETURNED,0.2,0.7,32,100,pop:sample:231
1,2,40,39.0705682613,12,1.85,0.7,0.58,0.57,2507,41.778823187,RETURNED,0.2,0.7,32,100,pop:sample:245
1,2,40,32.8843921215,13,3.36,2.55,0.58,0.23,2489,35.5013874261,RETURNED,0.2,0.7,32,100,pop:sample:260
1,2,40,27.5908870478,14,3.38,0.46,0.6,2.31,2465,29.7933573014,RETURNED,0.2,0.7,32,100,pop:sample:282
1,2,40,21.2093609726,15,2.4,0.9,0.58,0.92,2462,23.209387834,RETURNED,0.2,0.7,32,100,pop:sample:305
1,2,40,16.8510729583,16,3.04,2.05,0.57,0.42,2463,18.5331739278,RETURNED,0.2,0.7,32,100,pop:sample:315
1,2,40,13.5851884703,17,1.79,0.42,0.57,0.8,2478,14.9302366301,RETURNED,0.2,0.7,32,100,pop:sample:318
1,2,40,12.0813674386,18,1.43,0.65,0.57,0.21,2501,13.5945010636,RETURNED,0.2,0.7,32,100,pop:sample:319
1,2,40,12.1841724124,19,1.28,0.33,0.57,0.38,2440,13.5945010636,RETURNED,0.2,0.7,32,100,pop:sample:320
1,3,40,126.041981408,0,1.71,0.9,0.61,0.21,2520,130.781658092,RETURNED,0.2,0.7,32,100,pop:sample:28
1,3,40,119.900055731,1,1.02,0.25,0.56,0.21,2451,125.155295498,RETURNED,0.2,0.7,32,100,pop:sample:51
1,3,40,108.94898691,2,1.2,0.52,0.57,0.12,2464,114.170784204,RETURNED,0.2,0.7,32,100,pop:sample:65
1,3,40,102.170763936,3,1.32,0.34,0.56,0.42,2472,107.211571137,RETURNED,0.2,0.7,32,100,pop:sample:81
1,3,40,93.6682903483,4,1.78,0.82,0.58,0.37,2465,97.6107835152,RETURNED,0.2,0.7,32,100,pop:sample:95
1,3,40,89.5156177289,5,1.81,0.51,0.57,0.73,2436,93.6736013884,RETURNED,0.2,0.7,32,100,pop:sample:113
1,3,40,80.2299955949,6,1.33,0.27,0.57,0.49,2463,84.9113929092,RETURNED,0.2,0.7,32,100,pop:sample:131
1,3,40,71.0262600229,7,3.46,2.75,0.57,0.14,2422,75.0603174295,RETURNED,0.2,0.7,32,100,pop:sample:151
1,3,40,63.0432775116,8,1.24,0.17,0.57,0.51,2514,66.6978487677,RETURNED,0.2,0.7,32,100,pop:sample:175
1,3,40,58.5894738211,9,1.7,0.51,0.62,0.57,2494,62.521007528,RETURNED,0.2,0.7,32,100,pop:sample:186
1,3,40,54.8215671682,10,1.16,0.34,0.57,0.26,2463,58.2943762778,RETURNED,0.2,0.7,32,100,pop:sample:203
1,3,40,48.0453989961,11,4.01,3.07,0.57,0.38,2461,51.4211369199,RETURNED,0.2,0.7,32,100,pop:sample:216
1,3,40,39.1545438019,12,1.12,0.32,0.57,0.24,2516,41.827807074,RETURNED,0.2,0.7,32,100,pop:sample:246
1,3,40,36.2965093205,13,1.3,0.21,0.57,0.53,2439,38.902124117,RETURNED,0.2,0.7,32,100,pop:sample:255
1,3,40,33.2494915493,14,1.15,0.24,0.57,0.34,2502,35.8097084105,RETURNED,0.2,0.7,32,100,pop:sample:267
1,3,40,28.3832165723,15,1.68,0.98,0.58,0.12,2457,30.7438453247,RETURNED,0.2,0.7,32,100,pop:sample:277
1,3,40,26.0229327432,16,1.51,0.56,0.59,0.36,2482,28.3807791194,RETURNED,0.2,0.7,32,100,pop:sample:284
1,3,40,23.7838716792,17,1.35,0.54,0.58,0.23,2458,25.8700837405,RETURNED,0.2,0.7,32,100,pop:sample:295
1,3,40,20.9154376913,18,1.23,0.42,0.56,0.25,2389,23.0717972774,RETURNED,0.2,0.7,32,100,pop:sample:302
1,3,40,19.7370607007,19,1.78,0.93,0.57,0.28,2499,21.6511612251,RETURNED,0.2,0.7,32,100,pop:sample:308
1,4,40,129.778194909,0,1.63,0.5,0.56,0.57,2424,135.317889149,RETURNED,0.2,0.7,32,100,pop:sample:24
1,4,40,117.352287255,1,0.94,0.23,0.57,0.14,2497,123.966831355,RETURNED,0.2,0.7,32,100,pop:sample:45
1,4,40,112.425684873,2,1.27,0.31,0.56,0.39,2419,117.044481003,RETURNED,0.2,0.7,32,100,pop:sample:59
1,4,40,105.432876507,3,1.18,0.33,0.57,0.28,2482,110.45357478,RETURNED,0.2,0.7,32,100,pop:sample:75
1,4,40,97.251813486,4,1.29,0.27,0.56,0.45,2437,101.707486092,RETURNED,0.2,0.7,32,100,pop:sample:89
1,4,40,88.2717876992,5,2.4,1.59,0.57,0.25,2457,92.5979528823,RETURNED,0.2,0.7,32,100,pop:sample:105
1,4,40,81.2567905802,6,1.08,0.35,0.56,0.17,2424,85.0359775831,RETURNED,0.2,0.7,32,100,pop:sample:129
1,4,40,74.9420770725,7,1.64,0.79,0.56,0.28,2474,79.1449379545,RETURNED,0.2,0.7,32,100,pop:sample:142
1,4,40,69.7689230722,8,2.12,0.33,0.56,1.23,2530,73.3573015235,RETURNED,0.2,0.7,32,100,pop:sample:160
1,4,40,63.0045924289,9,1.4,0.58,0.57,0.25,2449,66.608658643,RETURNED,0.2,0.7,32,100,pop:sample:173
1,4,40,58.666152037,10,1.47,0.56,0.56,0.35,2471,62.0006605787,RETURNED,0.2,0.7,32,100,pop:sample:189
1,4,40,54.6560950795,11,3.07,0.49,0.57,2.01,2450,58.1403796505,RETURNED,0.2,0.7,32,100,pop:sample:204
1,4,40,44.4456692663,12,1.12,0.31,0.57,0.24,2444,47.3134352435,RETURNED,0.2,0.7,32,100,pop:sample:229
1,4,40,41.6918023228,13,1.04,0.23,0.57,0.24,2459,44.4744750259,RETURNED,0.2,0.7,32,100,pop:sample:238
1,4,40,38.5809750982,14,2.89,0.63,0.56,1.7,2411,41.540118817,RETURNED,0.2,0.7,32,100,pop:sample:250
1,4,40,30.40445852,15,1.14,0.35,0.56,0.22,2466,32.7231903929,RETURNED,0.2,0.7,32,100,pop:sample:271
1,4,40,28.1020059949,16,1.74,0.38,0.59,0.77,2497,30.4072235365,RETURNED,0.2,0.7,32,100,pop:sample:278
1,4,40,25.5695164587,17,2.03,1.08,0.57,0.38,2507,27.6615488654,RETURNED,0.2,0.7,32,100,pop:sample:291
1,4,40,21.6344801863,18,1.62,0.38,0.58,0.66,2499,23.6794192416,RETURNED,0.2,0.7,32,100,pop:sample:300
1,4,40,18.5273964555,19,1.82,0.42,0.58,0.82,2488,20.7303085236,RETURNED,0.2,0.7,32,100,pop:sample:307
1,5,40,130.457455766,0,1.26,0.43,0.67,0.16,2456,135.734817269,RETURNED,0.2,0.7,32,100,pop:sample:25
1,5,40,117.904172357,1,1.17,0.37,0.57,0.23,2465,125.54452274,RETURNED,0.2,0.7,32,100,pop:sample:40
1,5,40,112.058434839,2,1.36,0.66,0.57,0.13,2428,117.462767685,RETURNED,0.2,0.7,32,100,pop:sample:58
1,5,40,107.068393677,3,1.32,0.59,0.56,0.16,2478,111.793651752,RETURNED,0.2,0.7,32,100,pop:sample:72
1,5,40,97.6506112038,4,1.69,0.95,0.58,0.15,2458,101.71390224,RETURNED,0.2,0.7,32,100,pop:sample:88
1,5,40,91.7750781598,5,1.6,0.68,0.56,0.36,2473,96.7734726852,RETURNED,0.2,0.7,32,100,pop:sample:106
1,5,40,83.6012476208,6,1.19,0.4,0.56,0.23,2434,87.8690358156,RETURNED,0.2,0.7,32,100,pop:sample:125
1,5,40,79.4903726014,7,1.41,0.53,0.57,0.31,2506,83.4582094775,RETURNED,0.2,0.7,32,100,pop:sample:137
1,5,40,73.6590969947,8,1.04,0.25,0.58,0.22,2481,77.7313284797,RETURNED,0.2,0.7,32,100,pop:sample:150
1,5,40,69.9344691097,9,1.38,0.41,0.56,0.41,2458,73.6231269208,RETURNED,0.2,0.7,32,100,pop:sample:162
1,5,40,65.8243653412,10,1.59,0.4,0.58,0.61,2462,69.2429165156,RETURNED,0.2,0.7,32,100,pop:sample:171
1,5,40,58.6781600017,11,0.93,0.21,0.58,0.15,2463,61.9071525294,RETURNED,0.2,0.7,32,100,pop:sample:187
1,5,40,55.0381085435,12,1.34,0.61,0.57,0.17,2475,58.5495941558,RETURNED,0.2,0.7,32,100,pop:sample:195
1,5,40,51.5786403176,13,1.5,0.2,0.57,0.73,2479,55.0381085435,RETURNED,0.2,0.7,32,100,pop:sample:210
1,5,40,47.7186680676,14,1.14,0.34,0.56,0.24,2473,51.5020712725,RETURNED,0.2,0.7,32,100,pop:sample:223
1,5,40,44.3782907996,15,1.43,0.55,0.56,0.32,2449,47.261897754,RETURNED,0.2,0.7,32,100,pop:sample:230
1,5,40,38.3035842161,16,2.76,1.52,0.56,0.67,2399,41.3070301476,RETURNED,0.2,0.7,32,100,pop:sample:242
1,5,40,33.1507864946,17,1.65,0.93,0.57,0.15,2459,35.8833240011,RETURNED,0.2,0.7,32,100,pop:sample:263
1,5,40,30.0692362478,18,2.23,0.29,0.58,1.35,2484,32.8100520967,RETURNED,0.2,0.7,32,100,pop:sample:276
1,5,40,25.7415532763,19,1.53,0.54,0.56,0.42,2444,28.1099337827,RETURNED,0.2,0.7,32,100,pop:sample:290
1,6,40,127.840782533,0,1.33,0.45,0.56,0.32,2431,132.670004691,RETURNED,0.2,0.7,32,100,pop:sample:27
1,6,40,118.358634228,1,1.08,0.34,0.57,0.17,2435,125.519988497,RETURNED,0.2,0.7,32,100,pop:sample:41
1,6,40,112.34709137,2,2.0,0.21,0.57,1.22,2432,117.171149798,RETURNED,0.2,0.7,32,100,pop:sample:54
1,6,40,102.566822413,3,1.29,0.48,0.57,0.25,2520,107.221890294,RETURNED,0.2,0.7,32,100,pop:sample:80
1,6,40,96.9097103504,4,1.27,0.41,0.58,0.27,2489,101.710501668,RETURNED,0.2,0.7,32,100,pop:sample:96
1,6,40,88.4812469179,5,1.83,0.95,0.57,0.32,2438,93.0167052706,RETURNED,0.2,0.7,32,100,pop:sample:111
1,6,40,80.5691127877,6,2.33,0.43,0.57,1.34,2452,85.0144307966,RETURNED,0.2,0.7,32,100,pop:sample:128
1,6,40,73.5247336173,7,2.77,0.28,0.58,1.92,2508,77.7525162374,RETURNED,0.2,0.7,32,100,pop:sample:153
1,6,40,63.2652398291,8,1.2,0.2,0.58,0.42,2473,66.7636000176,RETURNED,0.2,0.7,32,100,pop:sample:174
1,6,40,59.0454477308,9,1.08,0.22,0.6,0.26,2509,62.8388500502,RETURNED,0.2,0.7,32,100,pop:sample:184
1,6,40,55.0308152312,10,1.6,0.55,0.57,0.48,2435,58.6500241663,RETURNED,0.2,0.7,32,100,pop:sample:196
1,6,40,51.090377931,11,1.87,1.0,0.59,0.28,2418,54.6415659657,RETURNED,0.2,0.7,32,100,pop:sample:212
1,6,40,48.0997539101,12,1.34,0.61,0.56,0.17,2470,51.1295898012,RETURNED,0.2,0.7,32,100,pop:sample:227
1,6,40,41.7392540478,13,1.35,0.32,0.57,0.47,2432,44.4557950094,RETURNED,0.2,0.7,32,100,pop:sample:235
1,6,40,38.7247614018,14,1.27,0.42,0.57,0.28,2457,41.3957878268,RETURNED,0.2,0.7,32,100,pop:sample:251
1,6,40,35.0894456954,15,2.98,0.97,0.57,1.43,2565,38.0617231542,RETURNED,0.2,0.7,32,100,pop:sample:259
1,6,40,28.0419168268,16,1.23,0.21,0.57,0.44,2444,30.2462653781,RETURNED,0.2,0.7,32,100,pop:sample:280
1,6,40,25.4201722626,17,1.27,0.48,0.57,0.21,2455,27.681800411,RETURNED,0.2,0.7,32,100,pop:sample:289
1,6,40,23.2351965898,18,0.99,0.28,0.59,0.13,2428,25.3107651305,RETURNED,0.2,0.7,32,100,pop:sample:297
1,6,40,20.8922743467,19,1.67,0.26,0.57,0.85,2431,23.2267264137,RETURNED,0.2,0.7,32,100,pop:sample:301
1,7,40,125.908749752,0,1.32,0.3,0.77,0.26,2507,130.898811101,RETURNED,0.2,0.7,32,100,pop:sample:33
1,7,40,117.269480633,1,1.19,0.42,0.57,0.2,2530,124.710778354,RETURNED,0.2,0.7,32,100,pop:sample:46
1,7,40,111.848297419,2,1.28,0.49,0.58,0.2,2411,117.059018128,RETURNED,0.2,0.7,32,100,pop:sample:62
1,7,40,105.006966537,3,1.19,0.35,0.59,0.25,2499,109.826249132,RETURNED,0.2,0.7,32,100,pop:sample:77
1,7,40,97.2454525608,4,1.34,0.56,0.58,0.2,2426,101.733114743,RETURNED,0.2,0.7,32,100,pop:sample:93
1,7,40,92.1776891038,5,1.32,0.46,0.57,0.28,2442,96.517761646,RETURNED,0.2,0.7,32,100,pop:sample:108
1,7,40,84.581937881,6,2.08,1.07,0.57,0.44,2419,88.8857376901,RETURNED,0.2,0.7,32,100,pop:sample:120
1,7,40,75.1453163488,7,2.38,0.29,0.56,1.53,2458,79.1393423722,RETURNED,0.2,0.7,32,100,pop:sample:139
1,7,40,65.8760836006,8,2.71,1.99,0.57,0.15,2460,69.9670910807,RETURNED,0.2,0.7,32,100,pop:sample:164
1,7,40,58.4918651664,9,1.46,0.5,0.57,0.39,2438,62.1342340218,RETURNED,0.2,0.7,32,100,pop:sample:185
1,7,40,54.956523515,10,1.28,0.46,0.58,0.24,2489,58.3221271519,RETURNED,0.2,0.7,32,100,pop:sample:199
1,7,40,51.6760025182,11,1.49,0.51,0.59,0.39,2499,54.7757797554,RETURNED,0.2,0.7,32,100,pop:sample:214
1,7,40,47.7979348753,12,1.85,0.67,0.57,0.61,2427,50.9444820314,RETURNED,0.2,0.7,32,100,pop:sample:225
1,7,40,41.29802617,13,1.38,0.63,0.58,0.17,2496,44.2154784007,RETURNED,0.2,0.7,32,100,pop:sample:243
1,7,40,36.7386367799,14,2.3,0.88,0.57,0.85,2427,39.3092378675,RETURNED,0.2,0.7,32,100,pop:sample:253
1,7,40,33.0059988894,15,2.1,1.22,0.58,0.3,2456,35.4648059286,RETURNED,0.2,0.7,32,100,pop:sample:270
1,7,40,27.4413248202,16,1.17,0.31,0.61,0.25,2477,29.683687088,RETURNED,0.2,0.7,32,100,pop:sample:283
1,7,40,25.0659951701,17,1.28,0.2,0.57,0.52,2457,27.4045011305,RETURNED,0.2,0.7,32,100,pop:sample:292
1,7,40,22.8578907269,18,1.6,0.28,0.59,0.73,2441,25.1429960957,RETURNED,0.2,0.7,32,100,pop:sample:299
1,7,40,18.919000456,19,1.85,0.51,0.59,0.75,2503,20.9348873901,RETURNED,0.2,0.7,32,100,pop:sample:306
1,8,40,128.162618887,0,2.22,0.34,0.63,1.25,2451,136.643772035,RETURNED,0.2,0.7,32,100,pop:sample:26
1,8,40,112.102625483,1,1.13,0.32,0.59,0.22,2474,116.865833777,RETURNED,0.2,0.7,32,100,pop:sample:55
1,8,40,108.223106136,2,1.05,0.29,0.57,0.19,2463,112.794753537,RETURNED,0.2,0.7,32,100,pop:sample:69
1,8,40,101.764916037,3,1.26,0.52,0.59,0.15,2457,106.539835764,RETURNED,0.2,0.7,32,100,pop:sample:86
1,8,40,96.1129649506,4,1.58,0.51,0.61,0.45,2476,100.979161748,RETURNED,0.2,0.7,32,100,pop:sample:97
1,8,40,88.0313174625,5,1.82,0.27,0.58,0.97,2470,92.3222584774,RETURNED,0.2,0.7,32,100,pop:sample:115
1,8,40,79.4272338025,6,1.47,0.49,0.58,0.39,2481,83.5124317343,RETURNED,0.2,0.7,32,100,pop:sample:134
1,8,40,75.0106170649,7,2.88,0.43,0.58,1.86,2373,79.096479736,RETURNED,0.2,0.7,32,100,pop:sample:149
1,8,40,65.7242810901,8,1.0,0.2,0.59,0.21,2492,69.3183748282,RETURNED,0.2,0.7,32,100,pop:sample:172
1,8,40,58.9866014949,9,2.36,0.51,0.59,1.26,2486,62.8271385408,RETURNED,0.2,0.7,32,100,pop:sample:180
1,8,40,52.1797527367,10,1.51,0.4,0.57,0.53,2471,55.5873733978,RETURNED,0.2,0.7,32,100,pop:sample:205
1,8,40,48.4629059337,11,3.0,0.4,0.59,2.01,2474,51.6014373666,RETURNED,0.2,0.7,32,100,pop:sample:217
1,8,40,41.2028861102,12,1.46,0.36,0.59,0.51,2414,44.237996722,RETURNED,0.2,0.7,32,100,pop:sample:239
1,8,40,36.4043568329,13,1.69,0.91,0.58,0.2,2485,38.9793772603,RETURNED,0.2,0.7,32,100,pop:sample:254
1,8,40,32.9740126007,14,2.0,1.3,0.57,0.13,2449,35.5067165821,RETURNED,0.2,0.7,32,100,pop:sample:268
1,8,40,25.9321507149,15,1.39,0.39,0.62,0.38,2489,28.4123648613,RETURNED,0.2,0.7,32,100,pop:sample:285
1,8,40,23.2335546274,16,3.72,0.91,0.61,2.21,2455,25.419783372,RETURNED,0.2,0.7,32,100,pop:sample:296
1,8,40,19.0927149356,17,1.23,0.38,0.58,0.28,2422,20.8999391674,RETURNED,0.2,0.7,32,100,pop:sample:311
1,8,40,16.6015713647,18,1.31,0.56,0.57,0.18,2422,18.4664383088,RETURNED,0.2,0.7,32,100,pop:sample:314
1,8,40,14.6294027681,19,1.89,0.56,0.59,0.74,2528,16.5889110115,RETURNED,0.2,0.7,32,100,pop:sample:317
1,9,40,125.491266657,0,1.09,0.37,0.58,0.13,2465,130.918784433,RETURNED,0.2,0.7,32,100,pop:sample:31
1,9,40,120.836361462,1,1.22,0.34,0.56,0.32,2438,125.609188459,RETURNED,0.2,0.7,32,100,pop:sample:42
1,9,40,111.699548336,2,1.23,0.39,0.56,0.28,2423,117.132861198,RETURNED,0.2,0.7,32,100,pop:sample:57
1,9,40,106.606294951,3,1.49,0.54,0.57,0.39,2455,111.352159408,RETURNED,0.2,0.7,32,100,pop:sample:73
1,9,40,98.2393141402,4,1.63,0.82,0.57,0.24,2455,102.339009073,RETURNED,0.2,0.7,32,100,pop:sample:92
1,9,40,87.8364492841,5,0.99,0.19,0.56,0.25,2465,92.2898191269,RETURNED,0.2,0.7,32,100,pop:sample:110
1,9,40,83.4793663005,6,1.21,0.35,0.57,0.29,2448,87.9177342952,RETURNED,0.2,0.7,32,100,pop:sample:124
1,9,40,79.3175278959,7,1.09,0.26,0.56,0.27,2418,83.5256767599,RETURNED,0.2,0.7,32,100,pop:sample:135
1,9,40,75.4297314433,8,1.32,0.53,0.57,0.22,2468,79.2067372027,RETURNED,0.2,0.7,32,100,pop:sample:148
1,9,40,70.0946522582,9,1.29,0.31,0.56,0.42,2427,73.5650974633,RETURNED,0.2,0.7,32,100,pop:sample:161
1,9,40,65.7024385049,10,1.04,0.2,0.56,0.27,2460,69.5173452676,RETURNED,0.2,0.7,32,100,pop:sample:168
1,9,40,62.0417063279,11,0.9,0.16,0.57,0.17,2470,65.7779248166,RETURNED,0.2,0.7,32,100,pop:sample:178
1,9,40,58.6530627283,12,1.17,0.19,0.56,0.43,2426,61.9887432288,RETURNED,0.2,0.7,32,100,pop:sample:188
1,9,40,55.1970909499,13,2.3,1.03,0.56,0.71,2456,58.3704188421,RETURNED,0.2,0.7,32,100,pop:sample:201
1,9,40,47.8985484951,14,3.44,0.62,0.57,2.25,2407,51.0163707213,RETURNED,0.2,0.7,32,100,pop:sample:221
1,9,40,38.4988713301,15,1.22,0.39,0.56,0.27,2471,41.4587552488,RETURNED,0.2,0.7,32,100,pop:sample:249
1,9,40,35.4472438889,16,0.93,0.16,0.56,0.21,2504,38.4946180616,RETURNED,0.2,0.7,32,100,pop:sample:258
1,9,40,30.2725872779,17,2.84,2.01,0.58,0.25,2412,32.6971652323,RETURNED,0.2,0.7,32,100,pop:sample:269
1,9,40,26.0344294805,18,1.14,0.32,0.6,0.22,2412,28.4169038403,RETURNED,0.2,0.7,32,100,pop:sample:286
1,9,40,23.6289102942,19,1.59,0.77,0.57,0.24,2453,26.0511785922,RETURNED,0.2,0.7,32,100,pop:sample:293
1,10,40,126.514769032,0,1.22,0.32,0.75,0.15,2455,131.526333881,RETURNED,0.2,0.7,32,100,pop:sample:29
1,10,40,119.581743194,1,1.19,0.21,0.57,0.41,2436,125.18740471,RETURNED,0.2,0.7,32,100,pop:sample:44
1,10,40,112.137944693,2,1.8,0.31,0.57,0.92,2448,116.587113037,RETURNED,0.2,0.7,32,100,pop:sample:61
1,10,40,101.950433618,3,1.42,0.56,0.57,0.28,2454,106.393126366,RETURNED,0.2,0.7,32,100,pop:sample:85
1,10,40,93.0264325049,4,1.05,0.2,0.59,0.27,2489,97.2681469637,RETURNED,0.2,0.7,32,100,pop:sample:101
1,10,40,88.1194768014,5,1.06,0.28,0.57,0.21,2480,92.1399251348,RETURNED,0.2,0.7,32,100,pop:sample:112
1,10,40,83.0194787043,6,1.79,0.77,0.58,0.44,2440,87.4871322712,RETURNED,0.2,0.7,32,100,pop:sample:126
1,10,40,75.1055533766,7,1.29,0.45,0.57,0.27,2442,79.1162309272,RETURNED,0.2,0.7,32,100,pop:sample:140
1,10,40,71.2147625157,8,1.29,0.29,0.57,0.44,2516,74.8591341344,RETURNED,0.2,0.7,32,100,pop:sample:155
1,10,40,66.5905055115,9,1.17,0.48,0.57,0.12,2480,69.9666122337,RETURNED,0.2,0.7,32,100,pop:sample:166
1,10,40,62.7899611699,10,1.06,0.2,0.58,0.29,2469,66.3099237663,RETURNED,0.2,0.7,32,100,pop:sample:177
1,10,40,58.4757117362,11,1.38,0.17,0.58,0.63,2464,62.0791981155,RETURNED,0.2,0.7,32,100,pop:sample:183
1,10,40,54.7160341498,12,1.37,0.63,0.57,0.16,2449,58.3848234384,RETURNED,0.2,0.7,32,100,pop:sample:200
1,10,40,51.6297777254,13,1.14,0.31,0.58,0.25,2429,54.7049378511,RETURNED,0.2,0.7,32,100,pop:sample:213
1,10,40,47.8264847629,14,1.24,0.26,0.57,0.42,2519,51.0599068504,RETURNED,0.2,0.7,32,100,pop:sample:220
1,10,40,44.6295780261,15,1.34,0.49,0.56,0.29,2431,47.767690968,RETURNED,0.2,0.7,32,100,pop:sample:232
1,10,40,39.0592883452,16,1.37,0.57,0.57,0.23,2480,41.816757523,RETURNED,0.2,0.7,32,100,pop:sample:244
1,10,40,36.3146066935,17,1.12,0.17,0.58,0.37,2445,38.9864895156,RETURNED,0.2,0.7,32,100,pop:sample:256
1,10,40,32.6971652323,18,1.02,0.29,0.56,0.16,2427,35.3961502632,RETURNED,0.2,0.7,32,100,pop:sample:262
1,10,40,30.1973327375,19,1.21,0.41,0.57,0.23,2431,32.7694761502,RETURNED,0.2,0.7,32,100,pop:sample:272
1,11,40,125.316016313,0,1.29,0.3,0.69,0.3,2469,130.790325138,RETURNED,0.2,0.7,32,100,pop:sample:34
1,11,40,119.634856657,1,1.55,0.45,0.57,0.54,2452,125.02856915,RETURNED,0.2,0.7,32,100,pop:sample:47
1,11,40,107.435634718,2,1.62,0.42,0.56,0.64,2395,111.691558562,RETURNED,0.2,0.7,32,100,pop:sample:70
1,11,40,97.7885019109,3,1.07,0.32,0.56,0.19,2500,101.782850221,RETURNED,0.2,0.7,32,100,pop:sample:90
1,11,40,92.2108225126,4,1.16,0.22,0.57,0.37,2469,96.437708221,RETURNED,0.2,0.7,32,100,pop:sample:103
1,11,40,88.2114517613,5,1.94,0.61,0.56,0.77,2431,92.3161825677,RETURNED,0.2,0.7,32,100,pop:sample:116
1,11,40,79.759658279,6,1.31,0.36,0.57,0.39,2400,83.6830444886,RETURNED,0.2,0.7,32,100,pop:sample:136
1,11,40,74.7372748783,7,2.76,1.83,0.56,0.37,2457,79.1439609276,RETURNED,0.2,0.7,32,100,pop:sample:152
1,11,40,62.1565810789,8,2.14,1.34,0.57,0.24,2412,65.7042343043,RETURNED,0.2,0.7,32,100,pop:sample:176
1,11,40,58.4662571678,9,1.29,0.45,0.56,0.28,2457,61.9212519881,RETURNED,0.2,0.7,32,100,pop:sample:192
1,11,40,50.8658047483,10,3.67,2.92,0.57,0.18,2457,54.690401051,RETURNED,0.2,0.7,32,100,pop:sample:208
1,11,40,41.6582722128,11,2.57,0.77,0.57,1.23,2455,44.4927705157,RETURNED,0.2,0.7,32,100,pop:sample:236
1,11,40,35.7766640294,12,1.22,0.42,0.56,0.24,2457,38.5524232282,RETURNED,0.2,0.7,32,100,pop:sample:257
1,11,40,33.1220892935,13,1.11,0.18,0.56,0.37,2471,35.8645990352,RETURNED,0.2,0.7,32,100,pop:sample:266
1,11,40,29.6443971862,14,1.87,0.22,0.56,1.09,2467,32.6668916032,RETURNED,0.2,0.7,32,100,pop:sample:274
1,11,40,25.5665428412,15,1.98,0.91,0.56,0.51,2413,27.6666403908,RETURNED,0.2,0.7,32,100,pop:sample:287
1,11,40,23.2247966196,16,1.03,0.25,0.58,0.2,2497,25.4068140984,RETURNED,0.2,0.7,32,100,pop:sample:298
1,11,40,20.7303085236,17,1.57,0.37,0.56,0.64,2418,22.881284704,RETURNED,0.2,0.7,32,100,pop:sample:304
1,11,40,18.8452511652,18,1.54,0.58,0.56,0.4,2499,20.9049902625,RETURNED,0.2,0.7,32,100,pop:sample:309
1,11,40,16.7993374871,19,1.19,0.27,0.56,0.37,2489,18.5377322714,RETURNED,0.2,0.7,32,100,pop:sample:313
1,12,40,236.451676129,0,2.99,0.37,0.53,2.09,2452,276.205955368,RETURNED,0.2,0.7,32,100,pop:sample:6
1,12,40,209.251392582,1,1.24,0.3,0.54,0.39,2440,215.737845418,RETURNED,0.2,0.7,32,100,pop:sample:12
1,12,40,137.72638241,2,0.98,0.24,0.53,0.21,2407,142.456952368,RETURNED,0.2,0.7,32,100,pop:sample:17
1,12,40,130.797228102,3,1.08,0.26,0.53,0.29,2443,135.717112969,RETURNED,0.2,0.7,32,100,pop:sample:22
1,12,40,125.785910141,4,1.62,0.55,0.55,0.52,2417,130.683535504,RETURNED,0.2,0.7,32,100,pop:sample:36
1,12,40,113.616303558,5,0.94,0.18,0.55,0.22,2432,117.525991417,RETURNED,0.2,0.7,32,100,pop:sample:56
1,12,40,107.093717534,6,1.02,0.19,0.54,0.29,2453,111.778201696,RETURNED,0.2,0.7,32,100,pop:sample:68
1,12,40,102.083685475,7,1.32,0.47,0.54,0.31,2481,106.650801736,RETURNED,0.2,0.7,32,100,pop:sample:83
1,12,40,95.796414859,8,1.13,0.44,0.54,0.15,2413,100.20072726,RETURNED,0.2,0.7,32,100,pop:sample:98
1,12,40,88.8806674861,9,1.01,0.24,0.55,0.23,2481,93.1697892858,RETURNED,0.2,0.7,32,100,pop:sample:109
1,12,40,83.7813733492,10,1.16,0.45,0.54,0.17,2541,87.9427858344,RETURNED,0.2,0.7,32,100,pop:sample:122
1,12,40,79.0807227393,11,1.0,0.22,0.54,0.23,2481,83.4801828422,RETURNED,0.2,0.7,32,100,pop:sample:132
1,12,40,74.9689014325,12,1.15,0.22,0.54,0.39,2456,79.1363863864,RETURNED,0.2,0.7,32,100,pop:sample:146
1,12,40,69.5209280049,13,1.66,0.72,0.54,0.4,2510,73.5152804356,RETURNED,0.2,0.7,32,100,pop:sample:157
1,12,40,62.5303706044,14,3.57,2.65,0.54,0.38,2457,65.7264914741,RETURNED,0.2,0.7,32,100,pop:sample:170
1,12,40,54.8517999909,15,1.13,0.29,0.54,0.29,2441,58.4327437,RETURNED,0.2,0.7,32,100,pop:sample:202
1,12,40,51.0064718335,16,1.15,0.16,0.54,0.46,2471,54.4036856262,RETURNED,0.2,0.7,32,100,pop:sample:215
1,12,40,47.2361012914,17,0.93,0.16,0.54,0.23,2442,50.87537283,RETURNED,0.2,0.7,32,100,pop:sample:224
1,12,40,44.4443483721,18,0.99,0.18,0.55,0.26,2490,47.6630567503,RETURNED,0.2,0.7,32,100,pop:sample:228
1,12,40,41.5363387142,19,1.24,0.41,0.55,0.28,2486,44.4456692663,RETURNED,0.2,0.7,32,100,pop:sample:237
1,13,40,266.062560864,0,1.38,0.67,0.56,0.15,2510,277.397697905,RETURNED,0.2,0.7,32,100,pop:sample:5
1,13,40,218.285506136,1,1.05,0.37,0.54,0.14,2488,224.130147527,RETURNED,0.2,0.7,32,100,pop:sample:9
1,13,40,223.409381749,2,1.35,0.54,0.54,0.28,2497,230.320598106,RETURNED,0.2,0.7,32,100,pop:sample:11
1,13,40,142.734740821,3,1.2,0.29,0.53,0.39,2421,197.106818638,RETURNED,0.2,0.7,32,100,pop:sample:16
1,13,40,132.456086849,4,1.86,0.17,0.54,1.15,2480,137.798826386,RETURNED,0.2,0.7,32,100,pop:sample:19
1,13,40,125.313873725,5,1.22,0.33,0.53,0.35,2482,130.644182473,RETURNED,0.2,0.7,32,100,pop:sample:39
1,13,40,119.87448932,6,1.07,0.33,0.54,0.2,2527,125.23015009,RETURNED,0.2,0.7,32,100,pop:sample:52
1,13,40,106.563959534,7,1.14,0.44,0.54,0.16,2488,111.667467141,RETURNED,0.2,0.7,32,100,pop:sample:71
1,13,40,101.739874305,8,1.08,0.43,0.54,0.11,2499,106.637064857,RETURNED,0.2,0.7,32,100,pop:sample:84
1,13,40,96.6025721682,9,1.42,0.38,0.54,0.5,2441,101.485149586,RETURNED,0.2,0.7,32,100,pop:sample:99
1,13,40,87.8153422318,10,1.42,0.19,0.53,0.71,2457,92.321322656,RETURNED,0.2,0.7,32,100,pop:sample:114
1,13,40,83.0263869852,11,0.97,0.26,0.54,0.17,2438,87.8842757788,RETURNED,0.2,0.7,32,100,pop:sample:127
1,13,40,77.6759204296,12,1.35,0.42,0.54,0.39,2411,81.2524793768,RETURNED,0.2,0.7,32,100,pop:sample:138
1,13,40,70.7483365286,13,1.67,0.49,0.53,0.65,2479,74.5449048871,RETURNED,0.2,0.7,32,100,pop:sample:154
1,13,40,65.2154317781,14,2.91,2.08,0.53,0.3,2501,69.8692698448,RETURNED,0.2,0.7,32,100,pop:sample:167
1,13,40,55.5427463664,15,1.51,0.78,0.54,0.19,2451,58.7336004876,RETURNED,0.2,0.7,32,100,pop:sample:193
1,13,40,52.4846084614,16,1.28,0.44,0.54,0.3,2463,55.6086303852,RETURNED,0.2,0.7,32,100,pop:sample:207
1,13,40,49.3655145869,17,3.08,0.34,0.54,2.19,2445,52.5501485279,RETURNED,0.2,0.7,32,100,pop:sample:218
1,13,40,41.4070335207,18,0.97,0.27,0.54,0.15,2469,44.1975291555,RETURNED,0.2,0.7,32,100,pop:sample:240
1,13,40,38.1626185825,19,2.84,0.42,0.54,1.88,2453,40.9300992968,RETURNED,0.2,0.7,32,100,pop:sample:252
1,14,40,198.180735277,0,3.15,0.36,0.54,2.24,2469,295.673716692,RETURNED,0.2,0.7,32,100,pop:sample:4
1,14,40,143.987955215,1,1.12,0.36,0.54,0.22,2473,197.485329417,RETURNED,0.2,0.7,32,100,pop:sample:13
1,14,40,135.559081453,2,1.15,0.4,0.54,0.21,2384,144.019810978,RETURNED,0.2,0.7,32,100,pop:sample:18
1,14,40,130.628622112,3,1.36,0.54,0.54,0.28,2506,135.717112969,RETURNED,0.2,0.7,32,100,pop:sample:23
1,14,40,126.063922807,4,1.1,0.4,0.54,0.16,2461,130.753853712,RETURNED,0.2,0.7,32,100,pop:sample:38
1,14,40,120.042897229,5,1.1,0.32,0.54,0.24,2418,124.951454755,RETURNED,0.2,0.7,32,100,pop:sample:50
1,14,40,111.55371439,6,0.91,0.19,0.54,0.18,2468,116.38527661,RETURNED,0.2,0.7,32,100,pop:sample:63
1,14,40,105.156789202,7,1.01,0.31,0.55,0.16,2495,110.467184043,RETURNED,0.2,0.7,32,100,pop:sample:74
1,14,40,100.167958276,8,1.27,0.32,0.54,0.41,2451,105.225785455,RETURNED,0.2,0.7,32,100,pop:sample:87
1,14,40,93.3491277168,9,1.86,0.44,0.56,0.86,2476,97.2479463248,RETURNED,0.2,0.7,32,100,pop:sample:102
1,14,40,84.7105937054,10,2.34,0.35,0.54,1.44,2394,88.930847251,RETURNED,0.2,0.7,32,100,pop:sample:119
1,14,40,75.1103806485,11,1.28,0.58,0.54,0.17,2437,79.0864015366,RETURNED,0.2,0.7,32,100,pop:sample:141
1,14,40,70.57247327,12,4.19,2.08,0.54,1.57,2458,74.5294362201,RETURNED,0.2,0.7,32,100,pop:sample:156
1,14,40,55.1305394865,13,4.89,4.15,0.54,0.2,2455,58.3949495079,RETURNED,0.2,0.7,32,100,pop:sample:194
1,14,40,44.189447742,14,1.1,0.23,0.54,0.33,2463,47.4728130504,RETURNED,0.2,0.7,32,100,pop:sample:233
1,14,40,39.1604035924,15,2.82,1.67,0.54,0.61,2511,42.3391427477,RETURNED,0.2,0.7,32,100,pop:sample:241
1,14,40,32.9766379663,16,1.14,0.27,0.53,0.33,2445,35.4794026763,RETURNED,0.2,0.7,32,100,pop:sample:264
1,14,40,30.1934684243,17,0.95,0.17,0.55,0.23,2478,32.6531522588,RETURNED,0.2,0.7,32,100,pop:sample:273
1,14,40,27.6273950046,18,1.29,0.43,0.55,0.31,2508,30.142808323,RETURNED,0.2,0.7,32,100,pop:sample:279
1,14,40,25.6362198364,19,2.01,1.05,0.54,0.42,2457,27.9534122629,RETURNED,0.2,0.7,32,100,pop:sample:288
1,15,40,224.002212501,0,1.13,0.44,0.54,0.15,2482,230.274309416,RETURNED,0.2,0.7,32,100,pop:sample:7
1,15,40,217.531070817,1,2.65,0.48,0.54,1.64,2450,224.122751923,RETURNED,0.2,0.7,32,100,pop:sample:8
1,15,40,210.792792697,2,1.35,0.65,0.55,0.14,2452,217.69111486,RETURNED,0.2,0.7,32,100,pop:sample:15
1,15,40,130.803372321,3,1.16,0.21,0.54,0.41,2405,135.382844274,RETURNED,0.2,0.7,32,100,pop:sample:21
1,15,40,125.27870197,4,1.15,0.32,0.53,0.29,2466,130.846018057,RETURNED,0.2,0.7,32,100,pop:sample:35
1,15,40,117.060182745,5,1.35,0.41,0.54,0.39,2443,125.375448967,RETURNED,0.2,0.7,32,100,pop:sample:48
1,15,40,110.169908433,6,1.15,0.34,0.54,0.27,2453,115.236746042,RETURNED,0.2,0.7,32,100,pop:sample:66
1,15,40,101.686319427,7,1.0,0.31,0.54,0.15,2464,107.20815487,RETURNED,0.2,0.7,32,100,pop:sample:79
1,15,40,97.2124153764,8,1.06,0.2,0.54,0.32,2477,101.662203786,RETURNED,0.2,0.7,32,100,pop:sample:91
1,15,40,92.4614981417,9,1.32,0.35,0.54,0.42,2425,96.7096111973,RETURNED,0.2,0.7,32,100,pop:sample:104
1,15,40,87.6538776141,10,1.42,0.61,0.54,0.27,2481,92.1887836893,RETURNED,0.2,0.7,32,100,pop:sample:117
1,15,40,80.0023237407,11,1.05,0.22,0.54,0.3,2476,83.8694040101,RETURNED,0.2,0.7,32,100,pop:sample:133
1,15,40,75.4803334962,12,2.46,0.4,0.54,1.52,2463,79.143230382,RETURNED,0.2,0.7,32,100,pop:sample:145
1,15,40,66.7813346398,13,2.68,0.46,0.54,1.68,2455,69.9709610254,RETURNED,0.2,0.7,32,100,pop:sample:165
1,15,40,58.6523749213,14,1.8,0.39,0.54,0.87,2491,62.0016300396,RETURNED,0.2,0.7,32,100,pop:sample:190
1,15,40,52.4573993284,15,1.51,0.69,0.54,0.29,2471,55.5746279896,RETURNED,0.2,0.7,32,100,pop:sample:209
1,15,40,48.2124428453,16,3.06,0.9,0.53,1.63,2486,51.0199590927,RETURNED,0.2,0.7,32,100,pop:sample:222
1,15,40,38.2952320747,17,1.93,1.14,0.54,0.25,2427,41.1330659336,RETURNED,0.2,0.7,32,100,pop:sample:247
1,15,40,32.7208935965,18,2.95,2.27,0.55,0.14,2436,35.7091642012,RETURNED,0.2,0.7,32,100,pop:sample:261
1,15,40,30.0041039697,19,2.33,1.34,0.54,0.45,2475,32.5744882974,RETURNED,0.2,0.7,32,100,pop:sample:281
2,65.10,0.28
2,0,40,380.28613015,0,1.46,0.31,0.79,0.36,2432,444.663448396,RETURNED,0.2,0.7,32,100,pop:sample:1
2,0,40,160.477335404,1,4.39,3.07,0.61,0.71,2530,304.838572169,RETURNED,0.2,0.7,32,100,pop:sample:20
2,0,40,56.0155588874,2,0.95,0.21,0.57,0.17,2486,59.2498973855,RETURNED,0.2,0.7,32,100,pop:sample:49
2,0,40,41.9914837464,3,1.19,0.45,0.57,0.18,2524,46.4924097912,RETURNED,0.2,0.7,32,100,pop:sample:59
2,0,40,38.9526604375,4,1.76,0.88,0.57,0.31,2454,42.2974049177,RETURNED,0.2,0.7,32,100,pop:sample:68
2,0,40,34.0079190964,5,1.09,0.26,0.57,0.26,2463,36.9925209718,RETURNED,0.2,0.7,32,100,pop:sample:81
2,0,40,31.3578290196,6,1.11,0.27,0.61,0.23,2497,34.0089300688,RETURNED,0.2,0.7,32,100,pop:sample:92
2,0,40,28.785214661,7,1.17,0.17,0.57,0.43,2464,31.1023898836,RETURNED,0.2,0.7,32,100,pop:sample:102
2,0,40,25.9970306634,8,1.12,0.22,0.57,0.32,2480,28.3529935313,RETURNED,0.2,0.7,32,100,pop:sample:113
2,0,40,23.8146436641,9,1.18,0.41,0.57,0.2,2474,26.0198316604,RETURNED,0.2,0.7,32,100,pop:sample:124
2,0,40,21.282439583,10,0.95,0.2,0.57,0.17,2470,23.4807564137,RETURNED,0.2,0.7,32,100,pop:sample:132
2,0,40,19.049862814,11,5.72,4.7,0.57,0.44,2468,21.0926599366,RETURNED,0.2,0.7,32,100,pop:sample:140
2,0,40,10.6612003361,12,1.05,0.24,0.57,0.24,2448,12.0679880429,RETURNED,0.2,0.7,32,100,pop:sample:183
2,0,40,9.16888414127,13,1.89,0.66,0.58,0.65,2491,10.5755260983,RETURNED,0.2,0.7,32,100,pop:sample:197
2,0,40,7.03128648484,14,1.51,0.5,0.58,0.43,2467,8.07358474815,RETURNED,0.2,0.7,32,100,pop:sample:220
2,0,40,5.70151287339,15,1.23,0.52,0.58,0.13,2526,6.81154283374,RETURNED,0.2,0.7,32,100,pop:sample:236
2,0,40,4.13345227027,16,1.26,0.22,0.68,0.37,2430,4.9715445386,RETURNED,0.2,0.7,32,100,pop:sample:252
2,0,40,3.42104381982,17,1.58,0.7,0.6,0.28,2433,4.15352958641,RETURNED,0.2,0.7,32,100,pop:sample:264
2,0,40,2.24499166033,18,3.71,2.82,0.57,0.32,2541,2.78092086118,RETURNED,0.2,0.7,32,100,pop:sample:279
2,0,40,1.44939006027,19,1.2,0.3,0.58,0.32,2437,1.77468632508,RETURNED,0.2,0.7,32,100,pop:sample:297
2,1,40,436.307065322,0,1.25,0.26,0.78,0.21,2432,664.94653202,RETURNED,0.2,0.7,32,100,pop:sample:12
2,1,40,136.075082604,1,1.08,0.36,0.58,0.14,2542,239.463112045,RETURNED,0.2,0.7,32,100,pop:sample:22
2,1,40,112.167980696,2,1.52,0.61,0.57,0.34,2437,136.121871605,RETURNED,0.2,0.7,32,100,pop:sample:28
2,1,40,72.6833560607,3,1.57,0.28,0.62,0.67,2526,90.6883025922,RETURNED,0.2,0.7,32,100,pop:sample:39
2,1,40,52.6907176729,4,1.82,0.53,0.57,0.72,2455,62.2206993269,RETURNED,0.2,0.7,32,100,pop:sample:51
2,1,40,37.2486147463,5,2.55,1.35,0.57,0.63,2480,40.0225814801,RETURNED,0.2,0.7,32,100,pop:sample:65
2,1,40,32.6678121735,6,1.47,0.39,0.57,0.51,2539,35.2554179173,RETURNED,0.2,0.7,32,100,pop:sample:87
2,1,40,29.2914853309,7,1.04,0.34,0.57,0.13,2491,31.452655268,RETURNED,0.2,0.7,32,100,pop:sample:99
2,1,40,26.0084156213,8,4.16,0.49,0.57,3.11,2487,28.4056061703,RETURNED,0.2,0.7,32,100,pop:sample:112
2,1,40,19.3998028855,9,1.01,0.22,0.57,0.21,2504,21.2268868019,RETURNED,0.2,0.7,32,100,pop:sample:146
2,1,40,17.3449869622,10,1.63,0.48,0.57,0.57,2509,19.2557602885,RETURNED,0.2,0.7,32,100,pop:sample:154
2,1,40,13.5220348652,11,1.59,0.3,0.57,0.72,2421,15.1663918535,RETURNED,0.2,0.7,32,100,pop:sample:169
2,1,40,12.0227869404,12,1.4,0.58,0.58,0.25,2575,13.4620245429,RETURNED,0.2,0.7,32,100,pop:sample:180
2,1,40,9.46161348346,13,0.98,0.22,0.57,0.19,2501,11.0104313675,RETURNED,0.2,0.7,32,100,pop:sample:195
2,1,40,8.09950074758,14,2.19,1.03,0.58,0.58,2510,9.30557771386,RETURNED,0.2,0.7,32,100,pop:sample:209
2,1,40,5.97858042935,15,1.09,0.3,0.58,0.22,2454,6.95827620179,RETURNED,0.2,0.7,32,100,pop:sample:228
2,1,40,4.93723369971,16,1.41,0.35,0.68,0.38,2464,5.95056330463,RETURNED,0.2,0.7,32,100,pop:sample:240
2,1,40,3.88771653305,17,1.6,0.8,0.59,0.21,2476,4.72077352681,RETURNED,0.2,0.7,32,100,pop:sample:257
2,1,40,2.79590590358,18,1.18,0.37,0.59,0.22,2426,3.38668407705,RETURNED,0.2,0.7,32,100,pop:sample:272
2,1,40,2.20982163271,19,3.66,0.38,0.59,2.69,2462,2.77985212025,RETURNED,0.2,0.7,32,100,pop:sample:281
2,2,40,398.629788061,0,4.28,2.85,0.57,0.86,2433,623.702066961,RETURNED,0.2,0.7,32,100,pop:sample:6
2,2,40,69.4847760557,1,1.26,0.54,0.56,0.15,2429,77.5036369566,RETURNED,0.2,0.7,32,100,pop:sample:37
2,2,40,52.0002070736,2,1.54,0.58,0.57,0.39,2451,57.3745953787,RETURNED,0.2,0.7,32,100,pop:sample:48
2,2,40,42.6689469462,3,1.97,1.03,0.57,0.37,2472,48.2711350596,RETURNED,0.2,0.7,32,100,pop:sample:61
2,2,40,35.2170736929,4,1.52,0.5,0.57,0.44,2491,39.0252411418,RETURNED,0.2,0.7,32,100,pop:sample:75
2,2,40,31.7180379277,5,1.08,0.21,0.57,0.3,2498,34.0113681301,RETURNED,0.2,0.7,32,100,pop:sample:91
2,2,40,28.8649354329,6,1.37,0.57,0.56,0.23,2505,31.1535187416,RETURNED,0.2,0.7,32,100,pop:sample:103
2,2,40,25.6643214643,7,1.09,0.38,0.57,0.14,2444,28.0991553954,RETURNED,0.2,0.7,32,100,pop:sample:119
2,2,40,23.5771199673,8,1.17,0.19,0.57,0.41,2481,25.7186077563,RETURNED,0.2,0.7,32,100,pop:sample:126
2,2,40,21.0768930157,9,1.31,0.52,0.58,0.21,2489,23.3277255047,RETURNED,0.2,0.7,32,100,pop:sample:134
2,2,40,17.1305904154,10,5.08,4.34,0.56,0.17,2452,19.0602260704,RETURNED,0.2,0.7,32,100,pop:sample:145
2,2,40,10.5284928816,11,1.16,0.42,0.59,0.16,2459,11.8996140805,RETURNED,0.2,0.7,32,100,pop:sample:182
2,2,40,9.30428315217,12,1.01,0.25,0.57,0.19,2447,10.5744465409,RETURNED,0.2,0.7,32,100,pop:sample:196
2,2,40,8.07455851197,13,1.28,0.47,0.57,0.24,2503,9.39997524396,RETURNED,0.2,0.7,32,100,pop:sample:211
2,2,40,6.90168199923,14,2.23,0.33,0.57,1.33,2427,7.98444985304,RETURNED,0.2,0.7,32,100,pop:sample:223
2,2,40,4.83026378313,15,1.18,0.43,0.61,0.14,2479,5.7063306342,RETURNED,0.2,0.7,32,100,pop:sample:246
2,2,40,3.94826004047,16,1.27,0.44,0.59,0.24,2498,4.78807783972,RETURNED,0.2,0.7,32,100,pop:sample:258
2,2,40,2.77817312422,17,1.1,0.28,0.58,0.23,2523,3.40629667736,RETURNED,0.2,0.7,32,100,pop:sample:269
2,2,40,2.2610751253,18,1.18,0.3,0.59,0.29,2482,2.79338947159,RETURNED,0.2,0.7,32,100,pop:sample:280
2,2,40,1.87602797915,19,4.01,3.03,0.61,0.37,2508,2.27931776257,RETURNED,0.2,0.7,32,100,pop:sample:285
2,3,40,428.301183882,0,1.26,0.38,0.59,0.28,2476,523.95510676,RETURNED,0.2,0.7,32,100,pop:sample:10
2,3,40,146.392253089,1,3.55,2.83,0.56,0.16,2412,274.47613072,RETURNED,0.2,0.7,32,100,pop:sample:19
2,3,40,57.5632907625,2,1.4,0.47,0.56,0.37,2455,62.2625441311,RETURNED,0.2,0.7,32,100,pop:sample:44
2,3,40,43.8893633358,3,1.1,0.28,0.57,0.26,2470,48.3315744161,RETURNED,0.2,0.7,32,100,pop:sample:54
2,3,40,39.3906798301,4,1.47,0.69,0.56,0.22,2412,42.1126240644,RETURNED,0.2,0.7,32,100,pop:sample:67
2,3,40,35.3070600435,5,3.53,2.73,0.56,0.24,2460,39.1102867693,RETURNED,0.2,0.7,32,100,pop:sample:74
2,3,40,26.9405550389,6,1.53,0.71,0.57,0.25,2519,29.3024841034,RETURNED,0.2,0.7,32,100,pop:sample:110
2,3,40,23.6849063504,7,1.49,0.71,0.56,0.22,2489,25.8455012921,RETURNED,0.2,0.7,32,100,pop:sample:123
2,3,40,21.1888629068,8,1.26,0.54,0.57,0.15,2422,23.3277255047,RETURNED,0.2,0.7,32,100,pop:sample:133
2,3,40,19.5910692584,9,1.81,0.94,0.56,0.31,2463,21.4876466599,RETURNED,0.2,0.7,32,100,pop:sample:143
2,3,40,15.483976869,10,2.24,0.89,0.56,0.79,2455,17.1976276826,RETURNED,0.2,0.7,32,100,pop:sample:158
2,3,40,11.846292098,11,1.63,0.9,0.56,0.16,2454,13.3405210473,RETURNED,0.2,0.7,32,100,pop:sample:174
2,3,40,10.3886652,12,1.37,0.33,0.57,0.46,2459,11.8700029481,RETURNED,0.2,0.7,32,100,pop:sample:191
2,3,40,8.25274644077,13,1.61,0.42,0.57,0.62,2437,9.41248038949,RETURNED,0.2,0.7,32,100,pop:sample:206
2,3,40,6.04306966724,14,1.48,0.6,0.58,0.3,2446,7.13020399831,RETURNED,0.2,0.7,32,100,pop:sample:225
2,3,40,5.02918640973,15,1.97,0.72,0.63,0.63,2524,5.93405531802,RETURNED,0.2,0.7,32,100,pop:sample:239
2,3,40,3.38987730488,16,1.87,0.96,0.59,0.32,2508,4.13695570882,RETURNED,0.2,0.7,32,100,pop:sample:262
2,3,40,2.26179608923,17,3.42,2.62,0.56,0.24,2499,2.77928450727,RETURNED,0.2,0.7,32,100,pop:sample:278
2,3,40,1.44140904861,18,1.23,0.31,0.57,0.35,2511,1.79042403625,RETURNED,0.2,0.7,32,100,pop:sample:294
2,3,40,1.21043306124,19,1.67,0.58,0.57,0.52,2420,1.44174644276,RETURNED,0.2,0.7,32,100,pop:sample:302
2,4,40,274.405721166,0,1.19,0.3,0.58,0.32,2422,506.910660809,RETURNED,0.2,0.7,32,100,pop:sample:2
2,4,40,147.177637231,1,1.35,0.46,0.57,0.32,2433,218.40292171,RETURNED,0.2,0.7,32,100,pop:sample:13
2,4,40,102.978462724,2,1.49,0.63,0.56,0.3,2430,123.391537,RETURNED,0.2,0.7,32,100,pop:sample:25
2,4,40,71.9536188001,3,1.73,0.73,0.56,0.44,2417,77.5351422543,RETURNED,0.2,0.7,32,100,pop:sample:40
2,4,40,56.1871480255,4,1.38,0.37,0.57,0.44,2474,59.2726077448,RETURNED,0.2,0.7,32,100,pop:sample:53
2,4,40,39.9708747139,5,1.04,0.24,0.57,0.24,2421,43.037430115,RETURNED,0.2,0.7,32,100,pop:sample:63
2,4,40,36.0432313146,6,1.69,0.78,0.56,0.34,2409,38.7549738352,RETURNED,0.2,0.7,32,100,pop:sample:72
2,4,40,32.8469480771,7,1.64,0.52,0.57,0.55,2498,36.053459033,RETURNED,0.2,0.7,32,100,pop:sample:86
2,4,40,28.7075005437,8,4.01,0.63,0.56,2.82,2484,31.0901122453,RETURNED,0.2,0.7,32,100,pop:sample:101
2,4,40,21.7512852528,9,1.01,0.25,0.57,0.18,2489,23.64721255,RETURNED,0.2,0.7,32,100,pop:sample:136
2,4,40,19.2874919107,10,0.96,0.2,0.56,0.19,2482,21.1773600017,RETURNED,0.2,0.7,32,100,pop:sample:142
2,4,40,17.2606671358,11,1.17,0.22,0.56,0.39,2486,19.3127948381,RETURNED,0.2,0.7,32,100,pop:sample:148
2,4,40,15.2872412093,12,2.24,0.58,0.56,1.09,2470,17.0215772321,RETURNED,0.2,0.7,32,100,pop:sample:159
2,4,40,11.8591612659,13,1.2,0.23,0.57,0.41,2433,13.4508191042,RETURNED,0.2,0.7,32,100,pop:sample:175
2,4,40,10.672768052,14,1.27,0.35,0.57,0.35,2483,11.9041607427,RETURNED,0.2,0.7,32,100,pop:sample:185
2,4,40,8.89441164191,15,1.31,0.37,0.57,0.37,2479,10.2855484437,RETURNED,0.2,0.7,32,100,pop:sample:199
2,4,40,7.096345059,16,1.27,0.35,0.56,0.37,2448,8.11979011055,RETURNED,0.2,0.7,32,100,pop:sample:215
2,4,40,5.90991038345,17,1.56,0.28,0.56,0.72,2492,6.95145217409,RETURNED,0.2,0.7,32,100,pop:sample:231
2,4,40,4.753665899,18,1.61,0.6,0.61,0.39,2408,5.70514634173,RETURNED,0.2,0.7,32,100,pop:sample:251
2,4,40,3.19715157102,19,1.71,0.59,0.59,0.53,2507,4.03093474677,RETURNED,0.2,0.7,32,100,pop:sample:267
2,5,40,435.122684475,0,1.31,0.27,0.76,0.28,2489,651.608961924,RETURNED,0.2,0.7,32,100,pop:sample:4
2,5,40,202.624356122,1,1.3,0.46,0.57,0.28,2472,274.407931449,RETURNED,0.2,0.7,32,100,pop:sample:16
2,5,40,77.4499942282,2,1.33,0.46,0.57,0.3,2495,116.2044736,RETURNED,0.2,0.7,32,100,pop:sample:26
2,5,40,62.1757293469,3,1.42,0.22,0.56,0.63,2429,75.6840751013,RETURNED,0.2,0.7,32,100,pop:sample:35
2,5,40,48.2963253055,4,1.06,0.17,0.56,0.32,2453,63.0434212839,RETURNED,0.2,0.7,32,100,pop:sample:47
2,5,40,43.2471293283,5,1.28,0.23,0.57,0.48,2393,47.5598698794,RETURNED,0.2,0.7,32,100,pop:sample:57
2,5,40,39.3393375187,6,1.59,0.31,0.57,0.7,2515,42.1649027643,RETURNED,0.2,0.7,32,100,pop:sample:66
2,5,40,35.7163291412,7,1.28,0.33,0.57,0.39,2497,38.4094398308,RETURNED,0.2,0.7,32,100,pop:sample:78
2,5,40,32.9150385043,8,1.48,0.32,0.57,0.6,2446,35.2448854721,RETURNED,0.2,0.7,32,100,pop:sample:90
2,5,40,28.7138532262,9,1.13,0.29,0.57,0.27,2434,31.1286648048,RETURNED,0.2,0.7,32,100,pop:sample:104
2,5,40,25.8711580798,10,1.08,0.26,0.57,0.25,2458,28.3780034977,RETURNED,0.2,0.7,32,100,pop:sample:115
2,5,40,23.6615401707,11,1.4,0.42,0.57,0.4,2463,25.6387860579,RETURNED,0.2,0.7,32,100,pop:sample:125
2,5,40,21.449755413,12,1.29,0.24,0.57,0.48,2428,23.3263509309,RETURNED,0.2,0.7,32,100,pop:sample:135
2,5,40,19.2398870349,13,1.21,0.35,0.56,0.3,2440,21.0931839949,RETURNED,0.2,0.7,32,100,pop:sample:144
2,5,40,13.8839844584,14,4.26,3.29,0.57,0.41,2426,15.3158022707,RETURNED,0.2,0.7,32,100,pop:sample:156
2,5,40,10.2604900223,15,1.12,0.41,0.58,0.13,2487,11.8685140945,RETURNED,0.2,0.7,32,100,pop:sample:188
2,5,40,8.86227277328,16,1.34,0.35,0.57,0.42,2505,10.1483556054,RETURNED,0.2,0.7,32,100,pop:sample:200
2,5,40,7.04440587679,17,1.57,0.71,0.57,0.29,2440,8.1145508316,RETURNED,0.2,0.7,32,100,pop:sample:218
2,5,40,5.81015154177,18,1.14,0.29,0.57,0.29,2479,6.88305989741,RETURNED,0.2,0.7,32,100,pop:sample:233
2,5,40,4.20559898998,19,1.4,0.5,0.68,0.23,2524,4.97892018532,RETURNED,0.2,0.7,32,100,pop:sample:250
2,6,40,324.531132713,0,1.27,0.44,0.69,0.14,2438,495.113857836,RETURNED,0.2,0.7,32,100,pop:sample:3
2,6,40,173.517652929,1,1.37,0.62,0.57,0.18,2467,196.438138783,RETURNED,0.2,0.7,32,100,pop:sample:17
2,6,40,100.352605363,2,1.02,0.28,0.56,0.18,2403,122.804896804,RETURNED,0.2,0.7,32,100,pop:sample:29
2,6,40,66.0447504844,3,1.34,0.54,0.61,0.18,2456,77.5956595649,RETURNED,0.2,0.7,32,100,pop:sample:33
2,6,40,57.9573771666,4,1.16,0.37,0.57,0.22,2459,62.243779477,RETURNED,0.2,0.7,32,100,pop:sample:45
2,6,40,42.2932906824,5,3.24,0.33,0.57,2.33,2443,47.7602516668,RETURNED,0.2,0.7,32,100,pop:sample:55
2,6,40,36.1489663705,6,3.4,0.28,0.57,2.56,2473,38.9884161422,RETURNED,0.2,0.7,32,100,pop:sample:79
2,6,40,26.2921051216,7,1.72,0.54,0.58,0.6,2472,28.466565488,RETURNED,0.2,0.7,32,100,pop:sample:111
2,6,40,23.3358107235,8,1.7,0.51,0.57,0.63,2444,25.662042515,RETURNED,0.2,0.7,32,100,pop:sample:128
2,6,40,19.2993087186,9,1.22,0.48,0.57,0.17,2451,21.3104692228,RETURNED,0.2,0.7,32,100,pop:sample:138
2,6,40,17.1676253693,10,1.35,0.59,0.57,0.19,2504,19.3146239362,RETURNED,0.2,0.7,32,100,pop:sample:152
2,6,40,13.7555967043,11,3.64,2.49,0.57,0.58,2450,15.2310709017,RETURNED,0.2,0.7,32,100,pop:sample:162
2,6,40,10.5797270682,12,0.94,0.21,0.57,0.15,2465,11.9680896557,RETURNED,0.2,0.7,32,100,pop:sample:190
2,6,40,8.83760096051,13,1.34,0.23,0.58,0.53,2431,10.1975748286,RETURNED,0.2,0.7,32,100,pop:sample:198
2,6,40,6.94682614827,14,1.25,0.29,0.57,0.38,2542,8.10840789399,RETURNED,0.2,0.7,32,100,pop:sample:216
2,6,40,6.0232894063,15,1.42,0.66,0.58,0.18,2465,7.15888519457,RETURNED,0.2,0.7,32,100,pop:sample:229
2,6,40,4.93918682122,16,0.95,0.19,0.6,0.16,2459,5.7813590639,RETURNED,0.2,0.7,32,100,pop:sample:245
2,6,40,3.9024059177,17,1.57,0.55,0.6,0.42,2464,4.68496583121,RETURNED,0.2,0.7,32,100,pop:sample:254
2,6,40,2.77896125826,18,1.12,0.21,0.58,0.32,2467,3.39148503206,RETURNED,0.2,0.7,32,100,pop:sample:271
2,6,40,2.18431321994,19,4.27,2.75,0.57,0.94,2467,2.78127452235,RETURNED,0.2,0.7,32,100,pop:sample:282
2,7,40,311.948887134,0,1.36,0.45,0.73,0.18,2445,450.300082862,RETURNED,0.2,0.7,32,100,pop:sample:8
2,7,40,187.594692281,1,1.61,0.87,0.57,0.17,2483,259.579958934,RETURNED,0.2,0.7,32,100,pop:sample:21
2,7,40,103.573324881,2,1.7,0.73,0.57,0.39,2464,119.131097947,RETURNED,0.2,0.7,32,100,pop:sample:30
2,7,40,60.7137326396,3,1.54,0.82,0.57,0.14,2500,76.1462820394,RETURNED,0.2,0.7,32,100,pop:sample:42
2,7,40,43.1361325848,4,1.54,0.41,0.56,0.57,2463,47.4994908522,RETURNED,0.2,0.7,32,100,pop:sample:56
2,7,40,37.3912703995,5,6.19,3.15,0.56,2.48,2485,39.9759915393,RETURNED,0.2,0.7,32,100,pop:sample:69
2,7,40,23.6945115161,6,3.66,0.52,0.56,2.58,2418,26.0218238102,RETURNED,0.2,0.7,32,100,pop:sample:122
2,7,40,17.3380513198,7,1.16,0.34,0.56,0.26,2455,19.3120944381,RETURNED,0.2,0.7,32,100,pop:sample:151
2,7,40,15.2931975499,8,1.02,0.22,0.57,0.23,2498,16.9849483319,RETURNED,0.2,0.7,32,100,pop:sample:160
2,7,40,13.415121083,9,1.42,0.39,0.57,0.46,2490,15.2743674673,RETURNED,0.2,0.7,32,100,pop:sample:168
2,7,40,12.0666729078,10,1.42,0.34,0.57,0.51,2467,13.5526092548,RETURNED,0.2,0.7,32,100,pop:sample:178
2,7,40,10.3304482531,11,1.01,0.24,0.57,0.2,2428,11.8027005811,RETURNED,0.2,0.7,32,100,pop:sample:192
2,7,40,9.02418966926,12,1.84,0.5,0.56,0.77,2498,10.294983279,RETURNED,0.2,0.7,32,100,pop:sample:204
2,7,40,6.11748997854,13,1.51,0.69,0.57,0.25,2494,7.09382519581,RETURNED,0.2,0.7,32,100,pop:sample:227
2,7,40,5.03982963592,14,1.42,0.56,0.61,0.26,2400,5.95336179829,RETURNED,0.2,0.7,32,100,pop:sample:241
2,7,40,3.89522632901,15,1.28,0.31,0.58,0.39,2490,4.75747053579,RETURNED,0.2,0.7,32,100,pop:sample:255
2,7,40,3.14089235604,16,1.22,0.37,0.58,0.27,2476,3.89323225455,RETURNED,0.2,0.7,32,100,pop:sample:270
2,7,40,2.21782908333,17,3.4,2.39,0.56,0.45,2453,2.7540217713,RETURNED,0.2,0.7,32,100,pop:sample:283
2,7,40,1.24497038359,18,1.47,0.59,0.6,0.28,2491,1.49703174127,RETURNED,0.2,0.7,32,100,pop:sample:300
2,7,40,1.08686848014,19,1.19,0.33,0.56,0.3,2433,1.24775638661,RETURNED,0.2,0.7,32,100,pop:sample:304
2,8,40,409.409694179,0,1.27,0.37,0.63,0.27,2466,649.150526544,RETURNED,0.2,0.7,32,100,pop:sample:5
2,8,40,126.366586643,1,1.0,0.26,0.56,0.19,2464,246.204612692,RETURNED,0.2,0.7,32,100,pop:sample:18
2,8,40,90.6034027633,2,1.64,0.49,0.57,0.58,2446,126.400569591,RETURNED,0.2,0.7,32,100,pop:sample:23
2,8,40,62.9069503817,3,1.14,0.31,0.57,0.26,2439,77.6016628671,RETURNED,0.2,0.7,32,100,pop:sample:36
2,8,40,58.550178288,4,1.41,0.38,0.57,0.46,2469,62.243779477,RETURNED,0.2,0.7,32,100,pop:sample:46
2,8,40,42.9161330876,5,1.46,0.26,0.57,0.64,2417,47.8402620907,RETURNED,0.2,0.7,32,100,pop:sample:58
2,8,40,39.0268898677,6,1.14,0.38,0.57,0.19,2500,42.0680931169,RETURNED,0.2,0.7,32,100,pop:sample:70
2,8,40,36.0431736288,7,3.14,0.36,0.56,2.22,2428,38.8804353828,RETURNED,0.2,0.7,32,100,pop:sample:77
2,8,40,28.3000340587,8,1.43,0.39,0.56,0.47,2476,30.7568872912,RETURNED,0.2,0.7,32,100,pop:sample:108
2,8,40,24.9485212117,9,1.42,0.51,0.56,0.35,2409,26.9726772786,RETURNED,0.2,0.7,32,100,pop:sample:121
2,8,40,21.2471102562,10,4.56,0.44,0.57,3.56,2409,23.3481909422,RETURNED,0.2,0.7,32,100,pop:sample:131
2,8,40,13.4612432685,11,1.64,0.4,0.56,0.67,2466,15.1557595073,RETURNED,0.2,0.7,32,100,pop:sample:167
2,8,40,11.919244598,12,2.23,1.16,0.57,0.5,2443,13.4184015798,RETURNED,0.2,0.7,32,100,pop:sample:181
2,8,40,8.95495677536,13,1.12,0.28,0.57,0.27,2511,10.3515303696,RETURNED,0.2,0.7,32,100,pop:sample:202
2,8,40,6.99826636998,14,1.96,0.92,0.55,0.48,2378,8.09244772212,RETURNED,0.2,0.7,32,100,pop:sample:217
2,8,40,5.02337239801,15,1.62,0.7,0.62,0.3,2458,5.97821918489,RETURNED,0.2,0.7,32,100,pop:sample:237
2,8,40,3.44647885583,16,4.73,2.35,0.57,1.81,2447,4.13431089594,RETURNED,0.2,0.7,32,100,pop:sample:256
2,8,40,1.85203228496,17,1.27,0.46,0.56,0.25,2491,2.26916772211,RETURNED,0.2,0.7,32,100,pop:sample:289
2,8,40,1.23871053106,18,2.06,1.29,0.59,0.18,2409,1.50685724465,RETURNED,0.2,0.7,32,100,pop:sample:296
2,8,40,1.09527376953,19,1.47,0.36,0.56,0.54,2433,1.2390868459,RETURNED,0.2,0.7,32,100,pop:sample:305
2,9,40,347.066988381,0,2.37,0.52,0.73,1.12,2452,578.804704883,RETURNED,0.2,0.7,32,100,pop:sample:11
2,9,40,115.41993076,1,1.17,0.31,0.58,0.28,2506,126.356582946,RETURNED,0.2,0.7,32,100,pop:sample:24
2,9,40,86.6257608902,2,1.14,0.41,0.57,0.16,2413,90.6159545071,RETURNED,0.2,0.7,32,100,pop:sample:32
2,9,40,59.2490099344,3,1.02,0.32,0.56,0.14,2422,62.2962359613,RETURNED,0.2,0.7,32,100,pop:sample:41
2,9,40,54.3026096262,4,1.65,0.49,0.58,0.57,2444,56.2841498011,RETURNED,0.2,0.7,32,100,pop:sample:52
2,9,40,39.4115929203,5,1.66,0.27,0.58,0.81,2483,42.3327172486,RETURNED,0.2,0.7,32,100,pop:sample:64
2,9,40,36.4072033481,6,1.05,0.27,0.57,0.2,2460,39.0247973597,RETURNED,0.2,0.7,32,100,pop:sample:76
2,9,40,33.6069955519,7,1.43,0.4,0.56,0.47,2450,36.2313973429,RETURNED,0.2,0.7,32,100,pop:sample:88
2,9,40,30.0222057203,8,1.77,0.32,0.57,0.89,2449,32.3954081098,RETURNED,0.2,0.7,32,100,pop:sample:98
2,9,40,25.8708962923,9,3.8,0.31,0.58,2.9,2481,28.2982253075,RETURNED,0.2,0.7,32,100,pop:sample:117
2,9,40,17.3381879386,10,5.21,4.19,0.57,0.45,2487,19.2787824661,RETURNED,0.2,0.7,32,100,pop:sample:147
2,9,40,10.5052641707,11,1.48,0.67,0.58,0.24,2486,11.8397513054,RETURNED,0.2,0.7,32,100,pop:sample:186
2,9,40,8.09258452396,12,1.7,0.65,0.58,0.47,2484,9.30785051527,RETURNED,0.2,0.7,32,100,pop:sample:207
2,9,40,6.93193972998,13,1.18,0.45,0.57,0.16,2472,8.05404025594,RETURNED,0.2,0.7,32,100,pop:sample:222
2,9,40,5.69515026763,14,1.1,0.33,0.57,0.19,2509,6.85961232085,RETURNED,0.2,0.7,32,100,pop:sample:234
2,9,40,4.76245013311,15,1.01,0.16,0.61,0.24,2467,5.64927296947,RETURNED,0.2,0.7,32,100,pop:sample:248
2,9,40,3.42421841395,16,1.44,0.52,0.59,0.32,2425,4.15785474077,RETURNED,0.2,0.7,32,100,pop:sample:260
2,9,40,3.13559036537,17,2.64,0.51,0.58,1.55,2403,3.88336607483,RETURNED,0.2,0.7,32,100,pop:sample:275
2,9,40,1.78348976937,18,1.23,0.35,0.57,0.31,2490,2.200210966,RETURNED,0.2,0.7,32,100,pop:sample:288
2,9,40,1.4641356599,19,3.37,0.48,0.59,2.31,2437,1.79362411458,RETURNED,0.2,0.7,32,100,pop:sample:295
2,10,40,362.854541119,0,1.12,0.23,0.57,0.32,2471,568.515173131,RETURNED,0.2,0.7,32,100,pop:sample:9
2,10,40,193.74223581,1,1.49,0.69,0.57,0.23,2464,274.445526617,RETURNED,0.2,0.7,32,100,pop:sample:14
2,10,40,105.763831492,2,0.95,0.22,0.56,0.17,2466,131.600919245,RETURNED,0.2,0.7,32,100,pop:sample:27
2,10,40,72.998449354,3,1.35,0.59,0.57,0.19,2494,77.5317511675,RETURNED,0.2,0.7,32,100,pop:sample:34
2,10,40,57.4604359039,4,1.68,0.79,0.57,0.33,2457,62.0630079276,RETURNED,0.2,0.7,32,100,pop:sample:43
2,10,40,43.3317643172,5,1.4,0.24,0.58,0.58,2504,46.6203422086,RETURNED,0.2,0.7,32,100,pop:sample:60
2,10,40,37.4142303276,6,1.6,0.65,0.56,0.39,2432,40.1225028522,RETURNED,0.2,0.7,32,100,pop:sample:71
2,10,40,32.7153410333,7,1.5,0.78,0.57,0.14,2488,35.2758303529,RETURNED,0.2,0.7,32,100,pop:sample:89
2,10,40,30.1285056139,8,1.11,0.32,0.57,0.22,2397,32.633592824,RETURNED,0.2,0.7,32,100,pop:sample:96
2,10,40,26.9913202273,9,4.16,0.46,0.58,3.12,2450,29.3254291638,RETURNED,0.2,0.7,32,100,pop:sample:109
2,10,40,19.0699927031,10,1.53,0.33,0.57,0.64,2461,21.117055913,RETURNED,0.2,0.7,32,100,pop:sample:141
2,10,40,17.1748850374,11,1.21,0.34,0.57,0.31,2459,18.982917973,RETURNED,0.2,0.7,32,100,pop:sample:153
2,10,40,15.2711213106,12,1.13,0.16,0.57,0.4,2479,17.0037564802,RETURNED,0.2,0.7,32,100,pop:sample:164
2,10,40,13.5491210178,13,3.1,1.17,0.58,1.35,2465,15.2130298374,RETURNED,0.2,0.7,32,100,pop:sample:172
2,10,40,8.89800750612,14,1.15,0.19,0.58,0.38,2472,10.260066674,RETURNED,0.2,0.7,32,100,pop:sample:203
2,10,40,7.55967033348,15,1.37,0.5,0.57,0.3,2398,8.80285376101,RETURNED,0.2,0.7,32,100,pop:sample:213
2,10,40,5.81453104065,16,1.35,0.48,0.57,0.3,2447,6.87314122581,RETURNED,0.2,0.7,32,100,pop:sample:232
2,10,40,4.70488644353,17,1.4,0.37,0.61,0.42,2520,5.70810886543,RETURNED,0.2,0.7,32,100,pop:sample:244
2,10,40,3.90068188298,18,1.29,0.36,0.59,0.34,2429,4.71251501533,RETURNED,0.2,0.7,32,100,pop:sample:261
2,10,40,2.8397105841,19,1.51,0.7,0.6,0.21,2492,3.38242813652,RETURNED,0.2,0.7,32,100,pop:sample:276
2,11,40,330.195059545,0,1.01,0.17,0.58,0.26,2460,647.444847582,RETURNED,0.2,0.7,32,100,pop:sample:7
2,11,40,170.829624999,1,2.01,1.2,0.59,0.22,2460,276.855996256,RETURNED,0.2,0.7,32,100,pop:sample:15
2,11,40,117.318663847,2,1.07,0.34,0.57,0.16,2420,147.205197039,RETURNED,0.2,0.7,32,100,pop:sample:31
2,11,40,76.2601286153,3,1.19,0.28,0.61,0.31,2441,90.5812829312,RETURNED,0.2,0.7,32,100,pop:sample:38
2,11,40,55.9726627757,4,1.46,0.44,0.58,0.44,2442,59.3305996935,RETURNED,0.2,0.7,32,100,pop:sample:50
2,11,40,41.2289666337,5,1.45,0.44,0.58,0.43,2435,43.929325237,RETURNED,0.2,0.7,32,100,pop:sample:62
2,11,40,36.3444869841,6,1.38,0.44,0.58,0.37,2470,39.4845353976,RETURNED,0.2,0.7,32,100,pop:sample:73
2,11,40,32.8809396806,7,1.65,0.48,0.62,0.55,2475,36.0589719667,RETURNED,0.2,0.7,32,100,pop:sample:85
2,11,40,26.6520231922,8,5.76,3.83,0.58,1.35,2449,28.8563792757,RETURNED,0.2,0.7,32,100,pop:sample:100
2,11,40,17.4394791313,9,1.27,0.37,0.58,0.32,2508,19.2819310669,RETURNED,0.2,0.7,32,100,pop:sample:149
2,11,40,15.2659915975,10,1.74,0.87,0.58,0.29,2489,17.0137775647,RETURNED,0.2,0.7,32,100,pop:sample:163
2,11,40,13.3946634056,11,1.5,0.4,0.59,0.52,2486,15.130256927,RETURNED,0.2,0.7,32,100,pop:sample:173
2,11,40,10.3498404305,12,1.56,0.77,0.59,0.21,2419,11.75030403,RETURNED,0.2,0.7,32,100,pop:sample:189
2,11,40,8.08084676931,13,1.32,0.59,0.58,0.15,2455,9.3309150252,RETURNED,0.2,0.7,32,100,pop:sample:208
2,11,40,6.84580202203,14,1.3,0.42,0.58,0.3,2408,8.01017543847,RETURNED,0.2,0.7,32,100,pop:sample:221
2,11,40,5.83099142907,15,1.14,0.38,0.59,0.18,2475,6.81798962297,RETURNED,0.2,0.7,32,100,pop:sample:235
2,11,40,4.71476035041,16,1.24,0.44,0.63,0.17,2444,5.66129916714,RETURNED,0.2,0.7,32,100,pop:sample:249
2,11,40,3.37925037265,17,1.12,0.21,0.61,0.3,2442,4.09970873488,RETURNED,0.2,0.7,32,100,pop:sample:263
2,11,40,2.78409797704,18,1.4,0.43,0.59,0.39,2455,3.39373110397,RETURNED,0.2,0.7,32,100,pop:sample:274
2,11,40,2.26885270773,19,1.11,0.36,0.58,0.17,2405,2.76232379717,RETURNED,0.2,0.7,32,100,pop:sample:284
2,12,40,35.2495394841,0,1.14,0.3,0.57,0.28,2413,38.9594597822,RETURNED,0.2,0.7,32,100,pop:sample:80
2,12,40,31.3037649265,1,1.22,0.41,0.57,0.24,2525,33.9455745558,RETURNED,0.2,0.7,32,100,pop:sample:93
2,12,40,28.32729066,2,1.24,0.44,0.56,0.24,2417,30.7853664811,RETURNED,0.2,0.7,32,100,pop:sample:105
2,12,40,25.8283266855,3,1.25,0.43,0.56,0.27,2463,28.3760811074,RETURNED,0.2,0.7,32,100,pop:sample:116
2,12,40,21.4569445823,4,4.42,3.61,0.56,0.25,2483,23.7495681076,RETURNED,0.2,0.7,32,100,pop:sample:129
2,12,40,15.2501435671,5,1.14,0.2,0.56,0.38,2462,17.0502498735,RETURNED,0.2,0.7,32,100,pop:sample:161
2,12,40,13.5211827978,6,1.18,0.4,0.56,0.22,2470,15.2521474529,RETURNED,0.2,0.7,32,100,pop:sample:171
2,12,40,11.9266501265,7,1.67,0.57,0.57,0.54,2495,13.3904274958,RETURNED,0.2,0.7,32,100,pop:sample:177
2,12,40,9.40630800819,8,1.07,0.31,0.58,0.19,2467,10.5354977444,RETURNED,0.2,0.7,32,100,pop:sample:194
2,12,40,8.06988810028,9,1.44,0.71,0.57,0.15,2463,9.31468753965,RETURNED,0.2,0.7,32,100,pop:sample:210
2,12,40,6.88016550748,10,1.51,0.6,0.57,0.34,2485,8.0022761085,RETURNED,0.2,0.7,32,100,pop:sample:224
2,12,40,4.94428285962,11,1.14,0.33,0.56,0.25,2514,5.94730528223,RETURNED,0.2,0.7,32,100,pop:sample:238
2,12,40,4.20727140968,12,1.22,0.27,0.58,0.37,2453,4.97038846902,RETURNED,0.2,0.7,32,100,pop:sample:253
2,12,40,2.81865992052,13,3.06,2.28,0.56,0.22,2527,3.38993917161,RETURNED,0.2,0.7,32,100,pop:sample:268
2,12,40,1.85806335029,14,1.15,0.21,0.56,0.38,2433,2.26840682509,RETURNED,0.2,0.7,32,100,pop:sample:287
2,12,40,1.51915404691,15,1.03,0.34,0.56,0.14,2459,1.84418168497,RETURNED,0.2,0.7,32,100,pop:sample:292
2,12,40,1.22664454399,16,3.79,2.89,0.57,0.33,2426,1.48734862253,RETURNED,0.2,0.7,32,100,pop:sample:298
2,12,40,0.120817864554,17,1.23,0.41,0.57,0.26,2510,0.890621957833,RETURNED,0.2,0.7,32,100,pop:sample:310
2,12,40,0.063965586446,18,1.18,0.38,0.56,0.24,2498,0.141381318329,RETURNED,0.2,0.7,32,100,pop:sample:315
2,12,40,0.0607436121987,19,1.18,0.4,0.57,0.21,2451,0.122413801545,RETURNED,0.2,0.7,32,100,pop:sample:317
2,13,40,35.0417238958,0,1.15,0.25,0.57,0.33,2405,37.469847042,RETURNED,0.2,0.7,32,100,pop:sample:82
2,13,40,31.1302921465,1,0.92,0.21,0.57,0.14,2524,33.539344347,RETURNED,0.2,0.7,32,100,pop:sample:94
2,13,40,28.5086019138,2,1.27,0.5,0.57,0.21,2446,30.8111176504,RETURNED,0.2,0.7,32,100,pop:sample:106
2,13,40,26.3646505227,3,1.54,0.61,0.57,0.36,2435,28.3481867391,RETURNED,0.2,0.7,32,100,pop:sample:118
2,13,40,23.3842547775,4,1.7,0.47,0.57,0.66,2447,25.7140609979,RETURNED,0.2,0.7,32,100,pop:sample:130
2,13,40,19.3977464244,5,1.28,0.48,0.57,0.24,2492,21.282439583,RETURNED,0.2,0.7,32,100,pop:sample:139
2,13,40,17.0267987395,6,1.51,0.48,0.57,0.46,2487,19.0260531167,RETURNED,0.2,0.7,32,100,pop:sample:150
2,13,40,13.8077892069,7,2.94,2.16,0.57,0.21,2437,15.3053083558,RETURNED,0.2,0.7,32,100,pop:sample:165
2,13,40,10.4720112938,8,1.29,0.36,0.58,0.35,2414,11.8932643294,RETURNED,0.2,0.7,32,100,pop:sample:184
2,13,40,8.98319449284,9,1.04,0.25,0.57,0.21,2451,10.2290530877,RETURNED,0.2,0.7,32,100,pop:sample:201
2,13,40,7.47692144286,10,1.55,0.69,0.59,0.27,2443,8.84116453493,RETURNED,0.2,0.7,32,100,pop:sample:214
2,13,40,5.95207588364,11,1.09,0.31,0.56,0.22,2422,6.94095640538,RETURNED,0.2,0.7,32,100,pop:sample:230
2,13,40,4.82592321452,12,1.89,0.53,0.58,0.77,2503,5.80812534144,RETURNED,0.2,0.7,32,100,pop:sample:243
2,13,40,3.48281953649,13,1.49,0.51,0.57,0.4,2474,4.21848637579,RETURNED,0.2,0.7,32,100,pop:sample:265
2,13,40,2.35741154766,14,2.72,0.64,0.57,1.51,2492,3.07002953422,RETURNED,0.2,0.7,32,100,pop:sample:277
2,13,40,1.49994425858,15,1.12,0.3,0.57,0.26,2446,1.83708405933,RETURNED,0.2,0.7,32,100,pop:sample:291
2,13,40,1.26542312642,16,2.84,0.25,0.57,2.02,2478,1.50433041271,RETURNED,0.2,0.7,32,100,pop:sample:299
2,13,40,0.603474042845,17,1.73,0.25,0.57,0.92,2410,1.09703518532,RETURNED,0.2,0.7,32,100,pop:sample:308
2,13,40,0.0409770925449,18,1.91,0.98,0.57,0.37,2488,0.126463978431,RETURNED,0.2,0.7,32,100,pop:sample:313
2,13,40,0.0320083653782,19,1.19,0.34,0.58,0.27,2518,0.0348729480569,RETURNED,0.2,0.7,32,100,pop:sample:318
2,14,40,33.1231889757,0,1.72,0.73,0.58,0.41,2439,36.0638050668,RETURNED,0.2,0.7,32,100,pop:sample:84
2,14,40,28.8443256158,1,1.43,0.71,0.57,0.15,2487,31.1298446692,RETURNED,0.2,0.7,32,100,pop:sample:97
2,14,40,25.8653488595,2,1.4,0.51,0.57,0.32,2470,28.4808840134,RETURNED,0.2,0.7,32,100,pop:sample:114
2,14,40,23.3217763899,3,1.14,0.21,0.57,0.36,2457,25.6447913126,RETURNED,0.2,0.7,32,100,pop:sample:127
2,14,40,21.3282517585,4,2.63,1.58,0.57,0.47,2469,23.3348108216,RETURNED,0.2,0.7,32,100,pop:sample:137
2,14,40,17.0950989676,5,1.25,0.39,0.57,0.29,2440,19.0339897202,RETURNED,0.2,0.7,32,100,pop:sample:155
2,14,40,15.3457065144,6,1.57,0.83,0.57,0.17,2520,17.0477613692,RETURNED,0.2,0.7,32,100,pop:sample:166
2,14,40,11.976026634,7,1.22,0.21,0.57,0.44,2498,13.4803967477,RETURNED,0.2,0.7,32,100,pop:sample:176
2,14,40,10.6186473172,8,1.52,0.49,0.58,0.46,2465,11.9749567266,RETURNED,0.2,0.7,32,100,pop:sample:187
2,14,40,8.92093441438,9,1.31,0.21,0.57,0.53,2415,10.2739788747,RETURNED,0.2,0.7,32,100,pop:sample:205
2,14,40,6.93931918725,10,2.64,0.62,0.57,1.44,2482,8.11029530036,RETURNED,0.2,0.7,32,100,pop:sample:219
2,14,40,4.78375487961,11,0.97,0.22,0.58,0.17,2507,5.68897081213,RETURNED,0.2,0.7,32,100,pop:sample:247
2,14,40,3.87604482549,12,1.19,0.18,0.57,0.43,2469,4.69459250524,RETURNED,0.2,0.7,32,100,pop:sample:259
2,14,40,2.78092548503,13,3.52,2.72,0.57,0.23,2469,3.43656010111,RETURNED,0.2,0.7,32,100,pop:sample:273
2,14,40,1.52806129893,14,1.5,0.47,0.57,0.46,2508,1.8634236492,RETURNED,0.2,0.7,32,100,pop:sample:293
2,14,40,1.21985804075,15,1.41,0.37,0.57,0.48,2422,1.4516984867,RETURNED,0.2,0.7,32,100,pop:sample:301
2,14,40,1.09078669632,16,1.13,0.19,0.56,0.37,2435,1.24309027316,RETURNED,0.2,0.7,32,100,pop:sample:306
2,14,40,0.857046999812,17,1.26,0.31,0.57,0.38,2493,1.0872580237,RETURNED,0.2,0.7,32,100,pop:sample:309
2,14,40,0.183751414977,18,1.24,0.45,0.56,0.23,2470,0.617684713414,RETURNED,0.2,0.7,32,100,pop:sample:312
2,14,40,0.0637998894045,19,1.2,0.34,0.56,0.3,2459,0.121494084376,RETURNED,0.2,0.7,32,100,pop:sample:316
2,15,40,33.5176118966,0,1.48,0.69,0.59,0.2,2442,36.1023010089,RETURNED,0.2,0.7,32,100,pop:sample:83
2,15,40,30.7530437572,1,0.92,0.2,0.57,0.14,2441,33.1711381173,RETURNED,0.2,0.7,32,100,pop:sample:95
2,15,40,28.4278476265,2,1.03,0.17,0.57,0.28,2421,30.7530437572,RETURNED,0.2,0.7,32,100,pop:sample:107
2,15,40,23.2127934493,3,5.24,4.34,0.57,0.33,2462,25.8217150398,RETURNED,0.2,0.7,32,100,pop:sample:120
2,15,40,17.1460672535,4,1.57,0.44,0.57,0.55,2463,18.9938507109,RETURNED,0.2,0.7,32,100,pop:sample:157
2,15,40,13.6749492169,5,1.61,0.45,0.57,0.59,2442,15.2521474529,RETURNED,0.2,0.7,32,100,pop:sample:170
2,15,40,11.8640037726,6,1.1,0.34,0.58,0.18,2473,13.440878152,RETURNED,0.2,0.7,32,100,pop:sample:179
2,15,40,9.50782552086,7,1.64,0.5,0.57,0.57,2396,10.6808974418,RETURNED,0.2,0.7,32,100,pop:sample:193
2,15,40,7.63146594092,8,1.31,0.48,0.58,0.26,2503,8.82630352942,RETURNED,0.2,0.7,32,100,pop:sample:212
2,15,40,6.18648104669,9,1.23,0.36,0.57,0.3,2468,7.14148162591,RETURNED,0.2,0.7,32,100,pop:sample:226
2,15,40,4.93367042307,10,2.02,0.96,0.58,0.49,2461,5.93920585102,RETURNED,0.2,0.7,32,100,pop:sample:242
2,15,40,3.18378714438,11,3.18,2.25,0.57,0.36,2509,3.93647125186,RETURNED,0.2,0.7,32,100,pop:sample:266
2,15,40,1.83408537961,12,1.07,0.3,0.57,0.2,2479,2.26916772211,RETURNED,0.2,0.7,32,100,pop:sample:286
2,15,40,1.48539376754,13,2.38,1.11,0.57,0.69,2450,1.83479978122,RETURNED,0.2,0.7,32,100,pop:sample:290
2,15,40,1.20511304693,14,1.23,0.41,0.56,0.25,2413,1.43998995396,RETURNED,0.2,0.7,32,100,pop:sample:303
2,15,40,0.885079707277,15,1.41,0.57,0.59,0.26,2495,1.12288711937,RETURNED,0.2,0.7,32,100,pop:sample:307
2,15,40,0.11060165959,16,1.16,0.36,0.57,0.24,2468,0.89246352827,RETURNED,0.2,0.7,32,100,pop:sample:311
2,15,40,0.0558437170488,17,2.77,1.84,0.58,0.35,2404,0.114163292442,RETURNED,0.2,0.7,32,100,pop:sample:314
2,15,40,0.0374053581765,18,1.17,0.28,0.57,0.32,2454,0.0587158384424,RETURNED,0.2,0.7,32,100,pop:sample:319
2,15,40,0.0266504576383,19,1.36,0.47,0.58,0.31,2513,0.031743444816,RETURNED,0.2,0.7,32,100,pop:sample:320
