0,52.38,2.14
0,0,40,0.000875332873843,0,3.18,2.54,0.09,0.55,415,0.000875332873843,RETURNED,0.2,0.7,32,16,pop:sample:5
0,0,40,0.000821255065597,1,1.58,0.93,0.09,0.56,442,0.000821255065597,RETURNED,0.2,0.7,32,16,pop:sample:21
0,0,40,0.000821255065597,2,1.34,0.7,0.09,0.55,426,0.000821255065597,RETURNED,0.2,0.7,32,16,pop:sample:32
0,0,40,0.000817394550658,3,0.88,0.42,0.09,0.37,424,0.000817394550658,RETURNED,0.2,0.7,32,16,pop:sample:54
0,0,40,0.000817394550658,4,2.7,0.84,0.1,1.77,414,0.000817394550658,RETURNED,0.2,0.7,32,16,pop:sample:63
0,0,40,0.000817394550658,5,1.5,1.19,0.09,0.22,407,0.000817394550658,RETURNED,0.2,0.7,32,16,pop:sample:85
0,0,40,0.000817394550658,6,1.59,1.04,0.09,0.45,418,0.000817394550658,RETURNED,0.2,0.7,32,16,pop:sample:103
0,0,40,0.000817394550658,7,1.72,0.61,0.09,1.02,412,0.000817394550658,RETURNED,0.2,0.7,32,16,pop:sample:120
0,0,40,0.000757781458544,8,1.45,0.89,0.09,0.47,409,0.000757781458544,RETURNED,0.2,0.7,32,16,pop:sample:137
0,0,40,0.000710825713112,9,0.72,0.42,0.09,0.21,414,0.000710825713112,RETURNED,0.2,0.7,32,16,pop:sample:155
0,0,40,0.000710825713112,10,1.39,0.9,0.09,0.4,408,0.000710825713112,RETURNED,0.2,0.7,32,16,pop:sample:163
0,0,40,0.000710825713112,11,1.13,0.49,0.09,0.54,421,0.000710825713112,RETURNED,0.2,0.7,32,16,pop:sample:181
0,0,40,0.000710825713112,12,2.04,0.88,0.09,1.07,427,0.000710825713112,RETURNED,0.2,0.7,32,16,pop:sample:200
0,0,40,0.000710825713112,13,1.45,1.2,0.1,0.16,432,0.000710825713112,RETURNED,0.2,0.7,32,16,pop:sample:224
0,0,40,0.000710825713112,14,0.72,0.28,0.09,0.35,421,0.000710825713112,RETURNED,0.2,0.7,32,16,pop:sample:231
0,1,40,0.00086736474121,0,1.45,0.87,0.1,0.48,439,0.00092144013552,RETURNED,0.2,0.7,32,16,pop:sample:2
0,1,40,0.000875332873843,1,1.62,0.96,0.09,0.56,425,0.000875332873843,RETURNED,0.2,0.7,32,16,pop:sample:9
0,1,40,0.000821255065597,2,2.54,1.9,0.1,0.54,434,0.000821255065597,RETURNED,0.2,0.7,32,16,pop:sample:22
0,1,40,0.000821255065597,3,1.04,0.48,0.09,0.47,415,0.000821255065597,RETURNED,0.2,0.7,32,16,pop:sample:44
0,1,40,0.000817394550658,4,1.9,1.45,0.09,0.36,410,0.000817394550658,RETURNED,0.2,0.7,32,16,pop:sample:55
0,1,40,0.000817394550658,5,2.34,0.73,0.1,1.51,400,0.000817394550658,RETURNED,0.2,0.7,32,16,pop:sample:74
0,1,40,0.000817394550658,6,1.79,1.28,0.09,0.42,430,0.000817394550658,RETURNED,0.2,0.7,32,16,pop:sample:94
0,1,40,0.000817394550658,7,0.98,0.43,0.09,0.46,416,0.000817394550658,RETURNED,0.2,0.7,32,16,pop:sample:106
0,1,40,0.000817394550658,8,1.32,0.51,0.1,0.72,439,0.000817394550658,RETURNED,0.2,0.7,32,16,pop:sample:119
0,1,40,0.000757781458544,9,1.34,0.55,0.09,0.7,429,0.000757781458544,RETURNED,0.2,0.7,32,16,pop:sample:134
0,1,40,0.000710825713112,10,1.05,0.54,0.09,0.42,409,0.000710825713112,RETURNED,0.2,0.7,32,16,pop:sample:149
0,1,40,0.000710825713112,11,1.62,1.19,0.09,0.34,419,0.000710825713112,RETURNED,0.2,0.7,32,16,pop:sample:171
0,1,40,0.000710825713112,12,0.87,0.53,0.09,0.25,421,0.000710825713112,RETURNED,0.2,0.7,32,16,pop:sample:182
0,1,40,0.000710825713112,13,1.15,0.33,0.09,0.73,442,0.000710825713112,RETURNED,0.2,0.7,32,16,pop:sample:194
0,1,40,0.000710825713112,14,0.59,0.26,0.09,0.24,421,0.000710825713112,RETURNED,0.2,0.7,32,16,pop:sample:210
0,2,40,0.000875332873843,0,1.14,0.75,0.09,0.3,418,0.000875332873843,RETURNED,0.2,0.7,32,16,pop:sample:7
0,2,40,0.00086736474121,1,1.11,0.44,0.09,0.58,428,0.00086736474121,RETURNED,0.2,0.7,32,16,pop:sample:13
0,2,40,0.000821255065597,2,1.25,0.58,0.09,0.58,426,0.000821255065597,RETURNED,0.2,0.7,32,16,pop:sample:18
0,2,40,0.000821255065597,3,1.31,0.56,0.09,0.66,422,0.000821255065597,RETURNED,0.2,0.7,32,16,pop:sample:26
0,2,40,0.000821255065597,4,2.96,1.78,0.09,1.09,425,0.000821255065597,RETURNED,0.2,0.7,32,16,pop:sample:40
0,2,40,0.000817394550658,5,1.41,0.55,0.09,0.77,432,0.000817394550658,RETURNED,0.2,0.7,32,16,pop:sample:67
0,2,40,0.000817394550658,6,1.76,0.71,0.09,0.96,413,0.000817394550658,RETURNED,0.2,0.7,32,16,pop:sample:79
0,2,40,0.000817394550658,7,1.15,0.55,0.09,0.51,424,0.000817394550658,RETURNED,0.2,0.7,32,16,pop:sample:93
0,2,40,0.000817394550658,8,2.71,2.08,0.09,0.54,404,0.000817394550658,RETURNED,0.2,0.7,32,16,pop:sample:122
0,2,40,0.000710825713112,9,1.29,0.81,0.09,0.39,442,0.000710825713112,RETURNED,0.2,0.7,32,16,pop:sample:139
0,2,40,0.000710825713112,10,0.75,0.32,0.09,0.34,416,0.000710825713112,RETURNED,0.2,0.7,32,16,pop:sample:151
0,2,40,0.000710825713112,11,1.27,0.79,0.09,0.39,414,0.000710825713112,RETURNED,0.2,0.7,32,16,pop:sample:170
0,2,40,0.000710825713112,12,0.96,0.71,0.09,0.15,425,0.000710825713112,RETURNED,0.2,0.7,32,16,pop:sample:192
0,2,40,0.000710825713112,13,1.32,0.77,0.09,0.46,426,0.000710825713112,RETURNED,0.2,0.7,32,16,pop:sample:206
0,2,40,0.000710825713112,14,1.26,0.64,0.09,0.53,417,0.000710825713112,RETURNED,0.2,0.7,32,16,pop:sample:219
0,3,40,0.000875332873843,0,1.12,0.45,0.09,0.58,429,0.00092144013552,RETURNED,0.2,0.7,32,16,pop:sample:1
0,3,40,0.000821255065597,1,1.25,0.58,0.09,0.57,406,0.00086736474121,RETURNED,0.2,0.7,32,16,pop:sample:11
0,3,40,0.000821255065597,2,2.22,0.53,0.09,1.6,410,0.000821255065597,RETURNED,0.2,0.7,32,16,pop:sample:19
0,3,40,0.000821255065597,3,2.84,2.24,0.09,0.51,402,0.000821255065597,RETURNED,0.2,0.7,32,16,pop:sample:43
0,3,40,0.000817394550658,4,5.5,0.56,0.09,4.85,409,0.000817394550658,RETURNED,0.2,0.7,32,16,pop:sample:64
0,3,40,0.000817394550658,5,0.53,0.2,0.09,0.24,417,0.000817394550658,RETURNED,0.2,0.7,32,16,pop:sample:109
0,3,40,0.000817394550658,6,1.79,0.94,0.09,0.76,419,0.000817394550658,RETURNED,0.2,0.7,32,16,pop:sample:123
0,3,40,0.000757781458544,7,0.75,0.22,0.09,0.44,417,0.000757781458544,RETURNED,0.2,0.7,32,16,pop:sample:141
0,3,40,0.000710825713112,8,0.98,0.61,0.09,0.29,400,0.000710825713112,RETURNED,0.2,0.7,32,16,pop:sample:147
0,3,40,0.000710825713112,9,0.93,0.4,0.1,0.43,426,0.000710825713112,RETURNED,0.2,0.7,32,16,pop:sample:160
0,3,40,0.000710825713112,10,1.16,0.82,0.09,0.25,412,0.000710825713112,RETURNED,0.2,0.7,32,16,pop:sample:172
0,3,40,0.000710825713112,11,1.3,0.29,0.09,0.91,417,0.000710825713112,RETURNED,0.2,0.7,32,16,pop:sample:189
0,3,40,0.000710825713112,12,0.83,0.34,0.09,0.39,438,0.000710825713112,RETURNED,0.2,0.7,32,16,pop:sample:212
0,3,40,0.000710825713112,13,0.72,0.21,0.09,0.42,420,0.000710825713112,RETURNED,0.2,0.7,32,16,pop:sample:217
0,3,40,0.000710825713112,14,1.93,0.36,0.09,1.48,397,0.000710825713112,RETURNED,0.2,0.7,32,16,pop:sample:227
0,4,40,0.00092144013552,0,3.37,1.12,0.1,2.15,438,0.00092144013552,RETURNED,0.2,0.7,32,16,pop:sample:6
0,4,40,0.000821255065597,1,0.86,0.26,0.09,0.5,427,0.000821255065597,RETURNED,0.2,0.7,32,16,pop:sample:25
0,4,40,0.000821255065597,2,2.07,1.47,0.09,0.5,414,0.000821255065597,RETURNED,0.2,0.7,32,16,pop:sample:36
0,4,40,0.000817394550658,3,1.35,0.56,0.09,0.7,437,0.000817394550658,RETURNED,0.2,0.7,32,16,pop:sample:61
0,4,40,0.000817394550658,4,1.95,0.81,0.09,1.06,425,0.000817394550658,RETURNED,0.2,0.7,32,16,pop:sample:77
0,4,40,0.000817394550658,5,1.23,0.78,0.09,0.36,412,0.000817394550658,RETURNED,0.2,0.7,32,16,pop:sample:95
0,4,40,0.000817394550658,6,2.02,0.93,0.09,1.0,404,0.000817394550658,RETURNED,0.2,0.7,32,16,pop:sample:108
0,4,40,0.000757781458544,7,2.38,2.08,0.09,0.22,422,0.000757781458544,RETURNED,0.2,0.7,32,16,pop:sample:129
0,4,40,0.000710825713112,8,2.15,0.65,0.1,1.4,431,0.000710825713112,RETURNED,0.2,0.7,32,16,pop:sample:159
0,4,40,0.000710825713112,9,1.09,0.56,0.09,0.44,408,0.000710825713112,RETURNED,0.2,0.7,32,16,pop:sample:180
0,4,40,0.000710825713112,10,0.9,0.24,0.09,0.58,401,0.000710825713112,RETURNED,0.2,0.7,32,16,pop:sample:195
0,4,40,0.000710825713112,11,0.71,0.44,0.09,0.18,408,0.000710825713112,RETURNED,0.2,0.7,32,16,pop:sample:207
0,4,40,0.000710825713112,12,1.23,0.69,0.09,0.45,435,0.000710825713112,RETURNED,0.2,0.7,32,16,pop:sample:220
0,4,40,0.000710825713112,13,0.9,0.38,0.09,0.43,416,0.000710825713112,RETURNED,0.2,0.7,32,16,pop:sample:229
0,4,40,0.000710825713112,14,0.87,0.2,0.1,0.58,416,0.000710825713112,RETURNED,0.2,0.7,32,16,pop:sample:233
0,5,40,0.000821255065597,0,2.85,2.05,0.09,0.7,434,0.000821255065597,RETURNED,0.2,0.7,32,16,pop:sample:8
0,5,40,0.000821255065597,1,0.79,0.41,0.09,0.29,413,0.000821255065597,RETURNED,0.2,0.7,32,16,pop:sample:17
0,5,40,0.000821255065597,2,1.76,1.07,0.09,0.6,417,0.000821255065597,RETURNED,0.2,0.7,32,16,pop:sample:31
0,5,40,0.000817394550658,3,2.39,1.11,0.1,1.18,432,0.000817394550658,RETURNED,0.2,0.7,32,16,pop:sample:49
0,5,40,0.000817394550658,4,1.45,0.85,0.09,0.51,433,0.000817394550658,RETURNED,0.2,0.7,32,16,pop:sample:73
0,5,40,0.000817394550658,5,0.78,0.34,0.09,0.36,441,0.000817394550658,RETURNED,0.2,0.7,32,16,pop:sample:81
0,5,40,0.000817394550658,6,2.56,0.73,0.09,1.74,441,0.000817394550658,RETURNED,0.2,0.7,32,16,pop:sample:88
0,5,40,0.000817394550658,7,0.73,0.22,0.09,0.42,419,0.000817394550658,RETURNED,0.2,0.7,32,16,pop:sample:110
0,5,40,0.000757781458544,8,0.65,0.4,0.1,0.15,394,0.000757781458544,RETURNED,0.2,0.7,32,16,pop:sample:126
0,5,40,0.000757781458544,9,0.98,0.48,0.09,0.4,417,0.000757781458544,RETURNED,0.2,0.7,32,16,pop:sample:132
0,5,40,0.000710825713112,10,0.58,0.28,0.09,0.21,437,0.000710825713112,RETURNED,0.2,0.7,32,16,pop:sample:144
0,5,40,0.000710825713112,11,1.71,0.71,0.1,0.9,417,0.000710825713112,RETURNED,0.2,0.7,32,16,pop:sample:154
0,5,40,0.000710825713112,12,0.6,0.24,0.09,0.26,419,0.000710825713112,RETURNED,0.2,0.7,32,16,pop:sample:176
0,5,40,0.000710825713112,13,2.1,0.77,0.09,1.23,420,0.000710825713112,RETURNED,0.2,0.7,32,16,pop:sample:184
0,5,40,0.000710825713112,14,1.82,0.69,0.09,1.04,416,0.000710825713112,RETURNED,0.2,0.7,32,16,pop:sample:214
0,6,40,0.00092144013552,0,1.42,0.82,0.11,0.49,399,0.00092144013552,RETURNED,0.2,0.7,32,16,pop:sample:3
0,6,40,0.000821255065597,1,1.59,0.82,0.09,0.69,443,0.00086736474121,RETURNED,0.2,0.7,32,16,pop:sample:14
0,6,40,0.000821255065597,2,1.77,0.57,0.09,1.11,414,0.000821255065597,RETURNED,0.2,0.7,32,16,pop:sample:23
0,6,40,0.000821255065597,3,0.83,0.34,0.09,0.4,431,0.000821255065597,RETURNED,0.2,0.7,32,16,pop:sample:37
0,6,40,0.000821255065597,4,1.32,0.91,0.09,0.32,434,0.000821255065597,RETURNED,0.2,0.7,32,16,pop:sample:47
0,6,40,0.000817394550658,5,1.24,0.61,0.09,0.54,412,0.000817394550658,RETURNED,0.2,0.7,32,16,pop:sample:62
0,6,40,0.000817394550658,6,1.43,0.41,0.09,0.93,426,0.000817394550658,RETURNED,0.2,0.7,32,16,pop:sample:71
0,6,40,0.000817394550658,7,1.42,0.59,0.09,0.74,428,0.000817394550658,RETURNED,0.2,0.7,32,16,pop:sample:87
0,6,40,0.000817394550658,8,0.73,0.23,0.1,0.41,443,0.000817394550658,RETURNED,0.2,0.7,32,16,pop:sample:105
0,6,40,0.000817394550658,9,1.34,0.47,0.09,0.78,421,0.000817394550658,RETURNED,0.2,0.7,32,16,pop:sample:118
0,6,40,0.000757781458544,10,1.64,0.83,0.09,0.72,429,0.000757781458544,RETURNED,0.2,0.7,32,16,pop:sample:136
0,6,40,0.000710825713112,11,2.34,0.81,0.09,1.44,442,0.000710825713112,RETURNED,0.2,0.7,32,16,pop:sample:157
0,6,40,0.000710825713112,12,0.81,0.56,0.09,0.16,416,0.000710825713112,RETURNED,0.2,0.7,32,16,pop:sample:179
0,6,40,0.000710825713112,13,0.9,0.41,0.09,0.39,425,0.000710825713112,RETURNED,0.2,0.7,32,16,pop:sample:197
0,6,40,0.000710825713112,14,1.11,0.49,0.09,0.52,410,0.000710825713112,RETURNED,0.2,0.7,32,16,pop:sample:211
0,7,40,0.00092144013552,0,1.16,0.75,0.11,0.3,428,0.00092144013552,RETURNED,0.2,0.7,32,16,pop:sample:4
0,7,40,0.00086736474121,1,1.09,0.57,0.09,0.43,405,0.00086736474121,RETURNED,0.2,0.7,32,16,pop:sample:12
0,7,40,0.000821255065597,2,1.15,0.63,0.09,0.43,438,0.000821255065597,RETURNED,0.2,0.7,32,16,pop:sample:20
0,7,40,0.000821255065597,3,8.94,1.07,0.09,7.78,417,0.000821255065597,RETURNED,0.2,0.7,32,16,pop:sample:42
0,7,40,0.000817394550658,4,1.81,0.93,0.09,0.78,401,0.000817394550658,RETURNED,0.2,0.7,32,16,pop:sample:117
0,7,40,0.000710825713112,5,1.2,0.55,0.09,0.55,424,0.000710825713112,RETURNED,0.2,0.7,32,16,pop:sample:140
0,7,40,0.000710825713112,6,0.86,0.45,0.09,0.32,397,0.000710825713112,RETURNED,0.2,0.7,32,16,pop:sample:152
0,7,40,0.000710825713112,7,1.1,0.51,0.09,0.49,406,0.000710825713112,RETURNED,0.2,0.7,32,16,pop:sample:168
0,7,40,0.000710825713112,8,1.4,1.1,0.09,0.21,398,0.000710825713112,RETURNED,0.2,0.7,32,16,pop:sample:190
0,7,40,0.000710825713112,9,1.18,0.72,0.1,0.35,415,0.000710825713112,RETURNED,0.2,0.7,32,16,pop:sample:208
0,7,40,0.000710825713112,10,1.73,0.82,0.09,0.82,416,0.000710825713112,RETURNED,0.2,0.7,32,16,pop:sample:222
0,7,40,0.000710825713112,11,1.96,1.19,0.09,0.68,400,0.000710825713112,RETURNED,0.2,0.7,32,16,pop:sample:232
0,7,40,0.000710825713112,12,2.62,0.47,0.09,2.05,434,0.000710825713112,RETURNED,0.2,0.7,32,16,pop:sample:236
0,7,40,0.000710825713112,13,0.72,0.21,0.09,0.42,425,0.000710825713112,RETURNED,0.2,0.7,32,16,pop:sample:239
0,7,40,0.000710825713112,14,1.12,0.47,0.09,0.55,433,0.000710825713112,RETURNED,0.2,0.7,32,16,pop:sample:240
0,8,40,0.000821255065597,0,1.18,0.63,0.09,0.47,434,0.000821255065597,RETURNED,0.2,0.7,32,16,pop:sample:10
0,8,40,0.000821255065597,1,2.45,0.57,0.09,1.79,433,0.000821255065597,RETURNED,0.2,0.7,32,16,pop:sample:16
0,8,40,0.000821255065597,2,2.96,2.26,0.1,0.6,410,0.000821255065597,RETURNED,0.2,0.7,32,16,pop:sample:35
0,8,40,0.000817394550658,3,2.03,0.32,0.1,1.62,426,0.000817394550658,RETURNED,0.2,0.7,32,16,pop:sample:69
0,8,40,0.000757781458544,4,1.55,0.55,0.09,0.91,415,0.000817394550658,RETURNED,0.2,0.7,32,16,pop:sample:91
0,8,40,0.000817394550658,5,3.54,1.34,0.09,2.11,413,0.000817394550658,RETURNED,0.2,0.7,32,16,pop:sample:115
0,8,40,0.000710825713112,6,0.9,0.32,0.1,0.48,419,0.000710825713112,RETURNED,0.2,0.7,32,16,pop:sample:145
0,8,40,0.000710825713112,7,0.46,0.19,0.09,0.17,427,0.000710825713112,RETURNED,0.2,0.7,32,16,pop:sample:162
0,8,40,0.000710825713112,8,2.05,0.47,0.09,1.49,420,0.000710825713112,RETURNED,0.2,0.7,32,16,pop:sample:169
0,8,40,0.000710825713112,9,0.72,0.47,0.09,0.16,430,0.000710825713112,RETURNED,0.2,0.7,32,16,pop:sample:196
0,8,40,0.000710825713112,10,2.18,1.67,0.1,0.41,438,0.000710825713112,RETURNED,0.2,0.7,32,16,pop:sample:223
0,8,40,0.000710825713112,11,2.38,2.06,0.09,0.23,395,0.000710825713112,RETURNED,0.2,0.7,32,16,pop:sample:230
0,8,40,0.000710825713112,12,0.82,0.56,0.09,0.17,434,0.000710825713112,RETURNED,0.2,0.7,32,16,pop:sample:235
0,8,40,0.000710825713112,13,0.99,0.61,0.09,0.29,436,0.000710825713112,RETURNED,0.2,0.7,32,16,pop:sample:237
0,8,40,0.000710825713112,14,0.9,0.48,0.09,0.33,411,0.000710825713112,RETURNED,0.2,0.7,32,16,pop:sample:238
0,9,40,0.000821255065597,0,1.94,1.36,0.09,0.49,415,0.000821255065597,RETURNED,0.2,0.7,32,16,pop:sample:15
0,9,40,0.000821255065597,1,2.55,1.36,0.09,1.1,409,0.000821255065597,RETURNED,0.2,0.7,32,16,pop:sample:24
0,9,40,0.000817394550658,2,2.13,1.46,0.09,0.58,435,0.000817394550658,RETURNED,0.2,0.7,32,16,pop:sample:53
0,9,40,0.000817394550658,3,1.49,0.55,0.09,0.85,427,0.000817394550658,RETURNED,0.2,0.7,32,16,pop:sample:70
0,9,40,0.000817394550658,4,1.89,0.43,0.09,1.36,449,0.000817394550658,RETURNED,0.2,0.7,32,16,pop:sample:82
0,9,40,0.000817394550658,5,0.62,0.32,0.09,0.2,426,0.000817394550658,RETURNED,0.2,0.7,32,16,pop:sample:99
0,9,40,0.000817394550658,6,0.84,0.19,0.09,0.56,415,0.000817394550658,RETURNED,0.2,0.7,32,16,pop:sample:104
0,9,40,0.000817394550658,7,1.36,0.85,0.09,0.41,419,0.000817394550658,RETURNED,0.2,0.7,32,16,pop:sample:114
0,9,40,0.000757781458544,8,0.94,0.7,0.09,0.14,441,0.000757781458544,RETURNED,0.2,0.7,32,16,pop:sample:133
0,9,40,0.000710825713112,9,1.81,1.03,0.1,0.68,420,0.000710825713112,RETURNED,0.2,0.7,32,16,pop:sample:143
0,9,40,0.000710825713112,10,1.79,0.66,0.09,1.04,415,0.000710825713112,RETURNED,0.2,0.7,32,16,pop:sample:167
0,9,40,0.000710825713112,11,0.78,0.38,0.1,0.3,436,0.000710825713112,RETURNED,0.2,0.7,32,16,pop:sample:187
0,9,40,0.000710825713112,12,0.44,0.22,0.09,0.14,430,0.000710825713112,RETURNED,0.2,0.7,32,16,pop:sample:199
0,9,40,0.000710825713112,13,0.83,0.5,0.09,0.24,406,0.000710825713112,RETURNED,0.2,0.7,32,16,pop:sample:209
0,9,40,0.000710825713112,14,1.47,0.55,0.09,0.84,421,0.000710825713112,RETURNED,0.2,0.7,32,16,pop:sample:221
0,10,40,0.000821255065597,0,0.85,0.53,0.09,0.22,419,0.000821255065597,RETURNED,0.2,0.7,32,16,pop:sample:28
0,10,40,0.000821255065597,1,1.22,0.57,0.09,0.55,415,0.000821255065597,RETURNED,0.2,0.7,32,16,pop:sample:41
0,10,40,0.000817394550658,2,0.61,0.2,0.09,0.31,415,0.000817394550658,RETURNED,0.2,0.7,32,16,pop:sample:50
0,10,40,0.000817394550658,3,2.56,1.94,0.09,0.53,422,0.000817394550658,RETURNED,0.2,0.7,32,16,pop:sample:56
0,10,40,0.000817394550658,4,1.37,0.43,0.09,0.85,408,0.000817394550658,RETURNED,0.2,0.7,32,16,pop:sample:78
0,10,40,0.000817394550658,5,2.79,0.54,0.09,2.17,422,0.000817394550658,RETURNED,0.2,0.7,32,16,pop:sample:89
0,10,40,0.000817394550658,6,0.62,0.36,0.1,0.16,413,0.000817394550658,RETURNED,0.2,0.7,32,16,pop:sample:113
0,10,40,0.000757781458544,7,1.49,0.2,0.1,1.18,431,0.000757781458544,RETURNED,0.2,0.7,32,16,pop:sample:124
0,10,40,0.000710825713112,8,2.86,2.23,0.11,0.52,443,0.000710825713112,RETURNED,0.2,0.7,32,16,pop:sample:153
0,10,40,0.000710825713112,9,1.15,0.65,0.09,0.4,408,0.000710825713112,RETURNED,0.2,0.7,32,16,pop:sample:177
0,10,40,0.000710825713112,10,0.81,0.45,0.09,0.27,407,0.000710825713112,RETURNED,0.2,0.7,32,16,pop:sample:191
0,10,40,0.000710825713112,11,0.88,0.31,0.1,0.47,408,0.000710825713112,RETURNED,0.2,0.7,32,16,pop:sample:203
0,10,40,0.000710825713112,12,0.43,0.18,0.1,0.15,418,0.000710825713112,RETURNED,0.2,0.7,32,16,pop:sample:218
0,10,40,0.000710825713112,13,1.84,1.32,0.09,0.43,406,0.000710825713112,RETURNED,0.2,0.7,32,16,pop:sample:225
0,10,40,0.000710825713112,14,2.04,1.83,0.09,0.12,419,0.000710825713112,RETURNED,0.2,0.7,32,16,pop:sample:234
0,11,40,0.000821255065597,0,0.51,0.2,0.09,0.22,406,0.000821255065597,RETURNED,0.2,0.7,32,16,pop:sample:27
0,11,40,0.000821255065597,1,1.23,0.58,0.09,0.56,431,0.000821255065597,RETURNED,0.2,0.7,32,16,pop:sample:33
0,11,40,0.000821255065597,2,0.7,0.18,0.09,0.44,436,0.000821255065597,RETURNED,0.2,0.7,32,16,pop:sample:46
0,11,40,0.000817394550658,3,0.7,0.34,0.09,0.27,425,0.000817394550658,RETURNED,0.2,0.7,32,16,pop:sample:51
0,11,40,0.000817394550658,4,0.87,0.43,0.09,0.35,428,0.000817394550658,RETURNED,0.2,0.7,32,16,pop:sample:60
0,11,40,0.000817394550658,5,3.14,2.64,0.09,0.4,412,0.000817394550658,RETURNED,0.2,0.7,32,16,pop:sample:72
0,11,40,0.000817394550658,6,2.68,2.25,0.1,0.33,437,0.000817394550658,RETURNED,0.2,0.7,32,16,pop:sample:97
0,11,40,0.000817394550658,7,0.83,0.56,0.1,0.16,421,0.000817394550658,RETURNED,0.2,0.7,32,16,pop:sample:121
0,11,40,0.000757781458544,8,1.6,0.33,0.09,1.18,428,0.000757781458544,RETURNED,0.2,0.7,32,16,pop:sample:130
0,11,40,0.000710825713112,9,1.58,0.59,0.13,0.86,434,0.000710825713112,RETURNED,0.2,0.7,32,16,pop:sample:146
0,11,40,0.000710825713112,10,1.7,1.11,0.09,0.5,426,0.000710825713112,RETURNED,0.2,0.7,32,16,pop:sample:173
0,11,40,0.000710825713112,11,0.64,0.27,0.1,0.27,430,0.000710825713112,RETURNED,0.2,0.7,32,16,pop:sample:188
0,11,40,0.000710825713112,12,1.11,0.53,0.09,0.49,392,0.000710825713112,RETURNED,0.2,0.7,32,16,pop:sample:202
0,11,40,0.000710825713112,13,0.98,0.58,0.09,0.31,398,0.000710825713112,RETURNED,0.2,0.7,32,16,pop:sample:216
0,11,40,0.000710825713112,14,1.66,1.18,0.09,0.38,409,0.000710825713112,RETURNED,0.2,0.7,32,16,pop:sample:228
0,12,40,0.000821255065597,0,2.02,0.99,0.1,0.93,432,0.000821255065597,RETURNED,0.2,0.7,32,16,pop:sample:34
0,12,40,0.000817394550658,1,0.73,0.47,0.09,0.17,433,0.000817394550658,RETURNED,0.2,0.7,32,16,pop:sample:48
0,12,40,0.000817394550658,2,1.51,0.66,0.09,0.75,430,0.000817394550658,RETURNED,0.2,0.7,32,16,pop:sample:57
0,12,40,0.000817394550658,3,0.76,0.19,0.09,0.48,405,0.000817394550658,RETURNED,0.2,0.7,32,16,pop:sample:68
0,12,40,0.000817394550658,4,0.7,0.45,0.09,0.16,410,0.000817394550658,RETURNED,0.2,0.7,32,16,pop:sample:75
0,12,40,0.000817394550658,5,0.67,0.41,0.09,0.17,427,0.000817394550658,RETURNED,0.2,0.7,32,16,pop:sample:80
0,12,40,0.000817394550658,6,0.93,0.28,0.09,0.56,440,0.000817394550658,RETURNED,0.2,0.7,32,16,pop:sample:84
0,12,40,0.000817394550658,7,0.98,0.35,0.09,0.54,425,0.000817394550658,RETURNED,0.2,0.7,32,16,pop:sample:92
0,12,40,0.000817394550658,8,2.73,1.85,0.1,0.77,446,0.000817394550658,RETURNED,0.2,0.7,32,16,pop:sample:100
0,12,40,0.000710825713112,9,0.83,0.56,0.09,0.18,431,0.000757781458544,RETURNED,0.2,0.7,32,16,pop:sample:131
0,12,40,0.000710825713112,10,0.94,0.24,0.09,0.61,409,0.000710825713112,RETURNED,0.2,0.7,32,16,pop:sample:142
0,12,40,0.000710825713112,11,2.11,1.85,0.09,0.17,414,0.000710825713112,RETURNED,0.2,0.7,32,16,pop:sample:161
0,12,40,0.000710825713112,12,0.7,0.16,0.09,0.44,441,0.000710825713112,RETURNED,0.2,0.7,32,16,pop:sample:183
0,12,40,0.000710825713112,13,0.49,0.22,0.09,0.18,422,0.000710825713112,RETURNED,0.2,0.7,32,16,pop:sample:193
0,12,40,0.000710825713112,14,1.69,0.52,0.1,1.07,435,0.000710825713112,RETURNED,0.2,0.7,32,16,pop:sample:201
0,13,40,0.000821255065597,0,1.58,0.5,0.09,0.99,407,0.000821255065597,RETURNED,0.2,0.7,32,16,pop:sample:29
0,13,40,0.000821255065597,1,0.88,0.58,0.09,0.21,433,0.000821255065597,RETURNED,0.2,0.7,32,16,pop:sample:45
0,13,40,0.000817394550658,2,2.2,1.55,0.09,0.55,416,0.000817394550658,RETURNED,0.2,0.7,32,16,pop:sample:58
0,13,40,0.000817394550658,3,2.02,0.89,0.09,1.04,409,0.000817394550658,RETURNED,0.2,0.7,32,16,pop:sample:76
0,13,40,0.000817394550658,4,0.71,0.41,0.09,0.21,413,0.000817394550658,RETURNED,0.2,0.7,32,16,pop:sample:86
0,13,40,0.000817394550658,5,0.86,0.61,0.1,0.16,433,0.000817394550658,RETURNED,0.2,0.7,32,16,pop:sample:96
0,13,40,0.000817394550658,6,0.94,0.49,0.1,0.35,415,0.000817394550658,RETURNED,0.2,0.7,32,16,pop:sample:102
0,13,40,0.000817394550658,7,1.22,0.5,0.1,0.62,416,0.000817394550658,RETURNED,0.2,0.7,32,16,pop:sample:111
0,13,40,0.000817394550658,8,1.85,0.65,0.1,1.11,451,0.000817394550658,RETURNED,0.2,0.7,32,16,pop:sample:128
0,13,40,0.000710825713112,9,1.33,0.48,0.12,0.72,441,0.000710825713112,RETURNED,0.2,0.7,32,16,pop:sample:148
0,13,40,0.000710825713112,10,0.75,0.4,0.09,0.25,437,0.000710825713112,RETURNED,0.2,0.7,32,16,pop:sample:166
0,13,40,0.000710825713112,11,0.99,0.2,0.09,0.7,426,0.000710825713112,RETURNED,0.2,0.7,32,16,pop:sample:175
0,13,40,0.000710825713112,12,1.16,0.69,0.09,0.39,417,0.000710825713112,RETURNED,0.2,0.7,32,16,pop:sample:186
0,13,40,0.000710825713112,13,0.57,0.24,0.1,0.23,429,0.000710825713112,RETURNED,0.2,0.7,32,16,pop:sample:204
0,13,40,0.000710825713112,14,1.03,0.52,0.09,0.42,418,0.000710825713112,RETURNED,0.2,0.7,32,16,pop:sample:213
0,14,40,0.000821255065597,0,0.84,0.45,0.09,0.3,410,0.000821255065597,RETURNED,0.2,0.7,32,16,pop:sample:30
0,14,40,0.000817394550658,1,1.73,0.8,0.09,0.84,403,0.000817394550658,RETURNED,0.2,0.7,32,16,pop:sample:38
0,14,40,0.000817394550658,2,1.01,0.67,0.09,0.25,414,0.000817394550658,RETURNED,0.2,0.7,32,16,pop:sample:52
0,14,40,0.000817394550658,3,2.75,0.74,0.09,1.92,402,0.000817394550658,RETURNED,0.2,0.7,32,16,pop:sample:65
0,14,40,0.000817394550658,4,1.77,1.48,0.09,0.21,402,0.000817394550658,RETURNED,0.2,0.7,32,16,pop:sample:83
0,14,40,0.000817394550658,5,0.84,0.33,0.09,0.41,431,0.000817394550658,RETURNED,0.2,0.7,32,16,pop:sample:98
0,14,40,0.000817394550658,6,0.71,0.3,0.1,0.32,442,0.000817394550658,RETURNED,0.2,0.7,32,16,pop:sample:107
0,14,40,0.000757781458544,7,0.82,0.25,0.1,0.47,422,0.000757781458544,RETURNED,0.2,0.7,32,16,pop:sample:112
0,14,40,0.000757781458544,8,0.93,0.43,0.1,0.4,422,0.000757781458544,RETURNED,0.2,0.7,32,16,pop:sample:125
0,14,40,0.000710825713112,9,1.83,1.46,0.12,0.25,411,0.000710825713112,RETURNED,0.2,0.7,32,16,pop:sample:135
0,14,40,0.000710825713112,10,0.87,0.44,0.09,0.33,411,0.000710825713112,RETURNED,0.2,0.7,32,16,pop:sample:156
0,14,40,0.000710825713112,11,0.76,0.38,0.09,0.29,419,0.000710825713112,RETURNED,0.2,0.7,32,16,pop:sample:164
0,14,40,0.000710825713112,12,1.0,0.48,0.09,0.44,427,0.000710825713112,RETURNED,0.2,0.7,32,16,pop:sample:174
0,14,40,0.000710825713112,13,0.55,0.3,0.09,0.16,415,0.000710825713112,RETURNED,0.2,0.7,32,16,pop:sample:185
0,14,40,0.000710825713112,14,1.09,0.5,0.09,0.5,445,0.000710825713112,RETURNED,0.2,0.7,32,16,pop:sample:198
0,15,40,0.000821255065597,0,2.78,1.16,0.09,1.53,405,0.000821255065597,RETURNED,0.2,0.7,32,16,pop:sample:39
0,15,40,0.000817394550658,1,0.68,0.31,0.09,0.28,432,0.000817394550658,RETURNED,0.2,0.7,32,16,pop:sample:59
0,15,40,0.000817394550658,2,3.15,2.04,0.09,1.02,436,0.000817394550658,RETURNED,0.2,0.7,32,16,pop:sample:66
0,15,40,0.000817394550658,3,1.28,0.52,0.09,0.66,411,0.000817394550658,RETURNED,0.2,0.7,32,16,pop:sample:90
0,15,40,0.000817394550658,4,1.53,0.23,0.09,1.22,413,0.000817394550658,RETURNED,0.2,0.7,32,16,pop:sample:101
0,15,40,0.000817394550658,5,0.79,0.48,0.1,0.22,391,0.000817394550658,RETURNED,0.2,0.7,32,16,pop:sample:116
0,15,40,0.000817394550658,6,0.86,0.19,0.11,0.57,389,0.000817394550658,RETURNED,0.2,0.7,32,16,pop:sample:127
0,15,40,0.000710825713112,7,1.14,0.79,0.09,0.25,425,0.000710825713112,RETURNED,0.2,0.7,32,16,pop:sample:138
0,15,40,0.000710825713112,8,0.76,0.28,0.15,0.33,395,0.000710825713112,RETURNED,0.2,0.7,32,16,pop:sample:150
0,15,40,0.000710825713112,9,0.64,0.29,0.09,0.26,440,0.000710825713112,RETURNED,0.2,0.7,32,16,pop:sample:158
0,15,40,0.000710825713112,10,0.65,0.3,0.1,0.25,438,0.000710825713112,RETURNED,0.2,0.7,32,16,pop:sample:165
0,15,40,0.000710825713112,11,2.24,1.7,0.09,0.46,434,0.000710825713112,RETURNED,0.2,0.7,32,16,pop:sample:178
0,15,40,0.000710825713112,12,0.87,0.32,0.09,0.46,423,0.000710825713112,RETURNED,0.2,0.7,32,16,pop:sample:205
0,15,40,0.000710825713112,13,0.95,0.57,0.1,0.29,421,0.000710825713112,RETURNED,0.2,0.7,32,16,pop:sample:215
0,15,40,0.000710825713112,14,0.97,0.5,0.09,0.37,433,0.000710825713112,RETURNED,0.2,0.7,32,16,pop:sample:226
1,99.28,0.18
1,0,40,412.226837499,0,0.61,0.3,0.1,0.22,404,558.053169392,RETURNED,0.2,0.7,32,16,pop:sample:1
1,0,40,122.882019337,1,0.88,0.3,0.1,0.48,417,256.38059069,RETURNED,0.2,0.7,32,16,pop:sample:9
1,0,40,121.30554459,2,0.54,0.22,0.09,0.22,422,122.002413992,RETURNED,0.2,0.7,32,16,pop:sample:13
1,0,40,117.888546557,3,1.11,0.55,0.09,0.47,411,118.905444027,RETURNED,0.2,0.7,32,16,pop:sample:17
1,0,40,116.694078329,4,1.32,0.37,0.12,0.83,435,117.623787786,RETURNED,0.2,0.7,32,16,pop:sample:26
1,0,40,0.508300623296,5,1.24,0.47,0.26,0.51,422,0.582755994516,RETURNED,0.2,0.7,32,16,pop:sample:33
1,0,40,0.367170310736,6,0.95,0.28,0.35,0.33,410,0.44649311563,RETURNED,0.2,0.7,32,16,pop:sample:42
1,0,40,0.33884645263,7,0.89,0.25,0.38,0.26,414,0.349336361129,RETURNED,0.2,0.7,32,16,pop:sample:52
1,0,40,0.299387932097,8,0.97,0.34,0.38,0.24,427,0.329910460734,RETURNED,0.2,0.7,32,16,pop:sample:64
1,0,40,0.28307337239,9,2.45,1.63,0.39,0.43,416,0.295231618047,RETURNED,0.2,0.7,32,16,pop:sample:75
1,0,40,0.258615951296,10,3.72,0.37,0.38,2.97,431,0.258615951296,RETURNED,0.2,0.7,32,16,pop:sample:90
1,0,40,0.204296280993,11,2.57,0.92,0.4,1.25,439,0.220705531404,RETURNED,0.2,0.7,32,16,pop:sample:115
1,0,40,0.196432557597,12,1.11,0.39,0.39,0.33,426,0.20191920692,RETURNED,0.2,0.7,32,16,pop:sample:133
1,0,40,0.191613278721,13,1.57,0.72,0.39,0.46,427,0.191613278721,RETURNED,0.2,0.7,32,16,pop:sample:141
1,0,40,0.185268248872,14,3.22,0.71,0.39,2.12,412,0.187298042137,RETURNED,0.2,0.7,32,16,pop:sample:154
1,1,40,210.768823069,0,2.79,2.5,0.09,0.2,421,234.346743,RETURNED,0.2,0.7,32,16,pop:sample:6
1,1,40,117.967891909,1,0.7,0.2,0.09,0.4,400,118.690759262,RETURNED,0.2,0.7,32,16,pop:sample:19
1,1,40,116.672447263,2,0.49,0.2,0.09,0.19,400,117.558524505,RETURNED,0.2,0.7,32,16,pop:sample:23
1,1,40,0.415314436567,3,3.22,2.25,0.38,0.59,435,0.445796878525,RETURNED,0.2,0.7,32,16,pop:sample:36
1,1,40,0.327502521909,4,1.64,0.71,0.4,0.54,422,0.37198938247,RETURNED,0.2,0.7,32,16,pop:sample:56
1,1,40,0.279304452389,5,1.37,0.71,0.37,0.3,389,0.312452625153,RETURNED,0.2,0.7,32,16,pop:sample:73
1,1,40,0.251156852539,6,1.82,1.13,0.39,0.29,405,0.251156852539,RETURNED,0.2,0.7,32,16,pop:sample:87
1,1,40,0.2349742947,7,1.32,0.3,0.41,0.61,424,0.243625166379,RETURNED,0.2,0.7,32,16,pop:sample:97
1,1,40,0.213263494147,8,1.75,0.68,0.39,0.67,429,0.228265656417,RETURNED,0.2,0.7,32,16,pop:sample:109
1,1,40,0.20823127642,9,1.7,0.51,0.39,0.8,420,0.212504894214,RETURNED,0.2,0.7,32,16,pop:sample:119
1,1,40,0.195221135877,10,1.98,0.7,0.4,0.87,422,0.200596220563,RETURNED,0.2,0.7,32,16,pop:sample:129
1,1,40,0.191190572679,11,1.64,0.74,0.4,0.5,423,0.191190572679,RETURNED,0.2,0.7,32,16,pop:sample:145
1,1,40,0.180574680674,12,2.0,0.74,0.41,0.86,424,0.184443086332,RETURNED,0.2,0.7,32,16,pop:sample:156
1,1,40,0.177890440074,13,1.29,0.62,0.4,0.28,418,0.178059294158,RETURNED,0.2,0.7,32,16,pop:sample:169
1,1,40,0.167495294812,14,3.69,0.72,0.4,2.57,429,0.171269407862,RETURNED,0.2,0.7,32,16,pop:sample:177
1,2,40,440.788096714,0,0.55,0.27,0.1,0.18,432,572.379746458,RETURNED,0.2,0.7,32,16,pop:sample:4
1,2,40,180.299213366,1,1.25,0.42,0.1,0.72,426,188.318094158,RETURNED,0.2,0.7,32,16,pop:sample:7
1,2,40,119.205518895,2,0.98,0.39,0.1,0.48,424,120.264790192,RETURNED,0.2,0.7,32,16,pop:sample:14
1,2,40,117.656626916,3,0.53,0.27,0.1,0.16,455,118.623601369,RETURNED,0.2,0.7,32,16,pop:sample:20
1,2,40,116.774576931,4,1.0,0.19,0.1,0.71,417,117.520250671,RETURNED,0.2,0.7,32,16,pop:sample:24
1,2,40,0.548672325857,5,0.87,0.24,0.34,0.29,428,0.723561645866,RETURNED,0.2,0.7,32,16,pop:sample:28
1,2,40,0.407075193932,6,1.69,1.1,0.34,0.25,414,0.456667646751,RETURNED,0.2,0.7,32,16,pop:sample:34
1,2,40,0.344630560082,7,1.37,0.73,0.37,0.28,409,0.376459968357,RETURNED,0.2,0.7,32,16,pop:sample:54
1,2,40,0.283781497363,8,1.16,0.25,0.4,0.51,426,0.307166165752,RETURNED,0.2,0.7,32,16,pop:sample:72
1,2,40,0.267087967816,9,2.05,0.81,0.39,0.85,392,0.281772859189,RETURNED,0.2,0.7,32,16,pop:sample:82
1,2,40,0.239760581744,10,0.93,0.31,0.39,0.23,418,0.248592609026,RETURNED,0.2,0.7,32,16,pop:sample:94
1,2,40,0.228693083189,11,1.13,0.24,0.4,0.49,420,0.236587786286,RETURNED,0.2,0.7,32,16,pop:sample:104
1,2,40,0.208153011635,12,2.4,0.71,0.38,1.31,413,0.213105191452,RETURNED,0.2,0.7,32,16,pop:sample:120
1,2,40,0.192673570614,13,1.05,0.4,0.4,0.26,422,0.201604651533,RETURNED,0.2,0.7,32,16,pop:sample:134
1,2,40,0.185904176003,14,17.95,0.72,0.4,16.83,435,0.190901249257,RETURNED,0.2,0.7,32,16,pop:sample:140
1,3,40,421.972018197,0,0.55,0.29,0.11,0.15,409,612.31321775,RETURNED,0.2,0.7,32,16,pop:sample:2
1,3,40,185.59926532,1,0.66,0.32,0.1,0.24,420,228.34159746,RETURNED,0.2,0.7,32,16,pop:sample:8
1,3,40,122.029746686,2,0.7,0.44,0.1,0.17,404,122.912837736,RETURNED,0.2,0.7,32,16,pop:sample:12
1,3,40,120.68806255,3,0.69,0.22,0.1,0.38,430,121.342147939,RETURNED,0.2,0.7,32,16,pop:sample:16
1,3,40,117.718821858,4,0.62,0.17,0.09,0.36,415,118.392984165,RETURNED,0.2,0.7,32,16,pop:sample:21
1,3,40,116.647685013,5,0.89,0.18,0.09,0.61,412,117.585727301,RETURNED,0.2,0.7,32,16,pop:sample:22
1,3,40,0.559135922162,6,1.22,0.65,0.3,0.27,437,0.713791818871,RETURNED,0.2,0.7,32,16,pop:sample:27
1,3,40,0.42286695312,7,4.51,0.96,0.36,3.19,422,0.465235543568,RETURNED,0.2,0.7,32,16,pop:sample:39
1,3,40,0.258615951296,8,1.2,0.57,0.4,0.23,440,0.280002392679,RETURNED,0.2,0.7,32,16,pop:sample:85
1,3,40,0.243625166379,9,1.32,0.38,0.38,0.56,391,0.251156852539,RETURNED,0.2,0.7,32,16,pop:sample:91
1,3,40,0.222761716806,10,2.18,0.83,0.38,0.97,402,0.233399498985,RETURNED,0.2,0.7,32,16,pop:sample:102
1,3,40,0.20191920692,11,3.4,0.83,0.39,2.19,406,0.203851064525,RETURNED,0.2,0.7,32,16,pop:sample:121
1,3,40,0.189941839868,12,1.26,0.61,0.39,0.26,418,0.192390699176,RETURNED,0.2,0.7,32,16,pop:sample:139
1,3,40,0.183865448427,13,5.18,3.43,0.41,1.34,420,0.183894507488,RETURNED,0.2,0.7,32,16,pop:sample:159
1,3,40,0.166180621134,14,5.61,4.31,0.4,0.9,425,0.167869148575,RETURNED,0.2,0.7,32,16,pop:sample:180
1,4,40,333.623582449,0,0.72,0.29,0.11,0.32,445,605.934398882,RETURNED,0.2,0.7,32,16,pop:sample:3
1,4,40,121.976791073,1,0.88,0.56,0.1,0.22,433,122.89340018,RETURNED,0.2,0.7,32,16,pop:sample:11
1,4,40,121.241441618,2,0.54,0.27,0.1,0.16,397,121.978275594,RETURNED,0.2,0.7,32,16,pop:sample:15
1,4,40,116.705126381,3,2.3,1.98,0.14,0.18,406,117.662653668,RETURNED,0.2,0.7,32,16,pop:sample:18
1,4,40,0.555051804048,4,0.9,0.27,0.34,0.3,436,0.671415014326,RETURNED,0.2,0.7,32,16,pop:sample:30
1,4,40,0.403140588396,5,1.12,0.37,0.37,0.37,400,0.44649311563,RETURNED,0.2,0.7,32,16,pop:sample:35
1,4,40,0.361618210692,6,1.12,0.27,0.37,0.47,424,0.39508740662,RETURNED,0.2,0.7,32,16,pop:sample:50
1,4,40,0.300742952881,7,1.6,0.6,0.37,0.64,421,0.330980449519,RETURNED,0.2,0.7,32,16,pop:sample:63
1,4,40,0.243840595404,8,3.24,0.86,0.38,2.0,420,0.290087357934,RETURNED,0.2,0.7,32,16,pop:sample:78
1,4,40,0.230262997498,9,0.9,0.31,0.39,0.2,410,0.243625166379,RETURNED,0.2,0.7,32,16,pop:sample:99
1,4,40,0.226055516524,10,3.37,0.91,0.39,2.07,412,0.226063969184,RETURNED,0.2,0.7,32,16,pop:sample:107
1,4,40,0.198216687147,11,1.45,0.46,0.38,0.6,413,0.20224395472,RETURNED,0.2,0.7,32,16,pop:sample:127
1,4,40,0.190138174615,12,5.96,3.98,0.39,1.6,393,0.191190572679,RETURNED,0.2,0.7,32,16,pop:sample:144
1,4,40,0.170457414332,13,3.72,0.33,0.41,2.99,426,0.17554308261,RETURNED,0.2,0.7,32,16,pop:sample:171
1,4,40,0.166089332325,14,1.09,0.3,0.39,0.4,428,0.166089332325,RETURNED,0.2,0.7,32,16,pop:sample:187
1,5,40,256.188589268,0,0.52,0.21,0.1,0.21,423,523.519664944,RETURNED,0.2,0.7,32,16,pop:sample:5
1,5,40,121.247251872,1,3.53,3.23,0.12,0.17,439,122.062617094,RETURNED,0.2,0.7,32,16,pop:sample:10
1,5,40,0.557952806483,2,1.94,1.09,0.28,0.56,419,0.717789642067,RETURNED,0.2,0.7,32,16,pop:sample:29
1,5,40,0.417246689733,3,1.0,0.38,0.39,0.23,421,0.428275642413,RETURNED,0.2,0.7,32,16,pop:sample:48
1,5,40,0.335309983573,4,1.86,0.82,0.37,0.66,407,0.370940953712,RETURNED,0.2,0.7,32,16,pop:sample:60
1,5,40,0.281772859189,5,0.92,0.32,0.38,0.21,428,0.308545845838,RETURNED,0.2,0.7,32,16,pop:sample:74
1,5,40,0.265752717395,6,3.26,0.57,0.38,2.31,410,0.274315725861,RETURNED,0.2,0.7,32,16,pop:sample:83
1,5,40,0.221974396047,7,1.64,0.37,0.41,0.86,426,0.233061927004,RETURNED,0.2,0.7,32,16,pop:sample:106
1,5,40,0.20985873918,8,3.61,2.36,0.39,0.87,413,0.213263494147,RETURNED,0.2,0.7,32,16,pop:sample:116
1,5,40,0.191707358672,9,1.4,0.67,0.41,0.33,416,0.191707358672,RETURNED,0.2,0.7,32,16,pop:sample:137
1,5,40,0.187084522459,10,2.13,0.35,0.38,1.4,403,0.187820126694,RETURNED,0.2,0.7,32,16,pop:sample:150
1,5,40,0.175618058548,11,2.05,0.73,0.39,0.93,415,0.182366393893,RETURNED,0.2,0.7,32,16,pop:sample:164
1,5,40,0.171073126278,12,5.82,5.0,0.42,0.4,423,0.171278637579,RETURNED,0.2,0.7,32,16,pop:sample:173
1,5,40,0.160478650095,13,4.44,3.17,0.39,0.88,398,0.160478650095,RETURNED,0.2,0.7,32,16,pop:sample:195
1,5,40,0.149109543115,14,1.16,0.31,0.4,0.45,437,0.149561744794,RETURNED,0.2,0.7,32,16,pop:sample:212
1,6,40,0.398565663988,0,1.05,0.29,0.35,0.41,411,0.449145082029,RETURNED,0.2,0.7,32,16,pop:sample:44
1,6,40,0.322165996863,1,1.13,0.29,0.4,0.44,408,0.361618210692,RETURNED,0.2,0.7,32,16,pop:sample:61
1,6,40,0.290087357934,2,0.99,0.33,0.43,0.24,445,0.317346434307,RETURNED,0.2,0.7,32,16,pop:sample:71
1,6,40,0.270187037889,3,3.29,2.41,0.41,0.48,434,0.281772859189,RETURNED,0.2,0.7,32,16,pop:sample:79
1,6,40,0.24120503736,4,2.83,0.25,0.4,2.18,429,0.246052394493,RETURNED,0.2,0.7,32,16,pop:sample:103
1,6,40,0.200587836816,5,3.37,0.97,0.41,1.99,456,0.203851064525,RETURNED,0.2,0.7,32,16,pop:sample:125
1,6,40,0.190459073803,6,2.15,0.98,0.41,0.77,422,0.192174945507,RETURNED,0.2,0.7,32,16,pop:sample:147
1,6,40,0.182751556997,7,1.17,0.45,0.39,0.33,412,0.184702903775,RETURNED,0.2,0.7,32,16,pop:sample:161
1,6,40,0.174461951241,8,4.09,2.39,0.4,1.3,427,0.180048701465,RETURNED,0.2,0.7,32,16,pop:sample:167
1,6,40,0.165475678223,9,1.64,0.92,0.4,0.32,418,0.166707128092,RETURNED,0.2,0.7,32,16,pop:sample:185
1,6,40,0.166435484159,10,1.76,0.26,0.4,1.1,414,0.166669009558,RETURNED,0.2,0.7,32,16,pop:sample:190
1,6,40,0.164082924963,11,1.48,0.45,0.42,0.62,432,0.16420889081,RETURNED,0.2,0.7,32,16,pop:sample:196
1,6,40,0.154319003671,12,1.38,0.23,0.39,0.76,402,0.154319003671,RETURNED,0.2,0.7,32,16,pop:sample:203
1,6,40,0.148428402515,13,1.45,0.56,0.4,0.49,426,0.149485726505,RETURNED,0.2,0.7,32,16,pop:sample:211
1,6,40,0.14547307212,14,3.7,2.69,0.39,0.62,416,0.148008035296,RETURNED,0.2,0.7,32,16,pop:sample:214
1,7,40,0.396273795604,0,1.42,0.53,0.38,0.51,405,0.441648968029,RETURNED,0.2,0.7,32,16,pop:sample:47
1,7,40,0.333396128195,1,0.99,0.35,0.38,0.25,429,0.335248547589,RETURNED,0.2,0.7,32,16,pop:sample:62
1,7,40,0.301131099737,2,1.12,0.46,0.4,0.26,417,0.322019771932,RETURNED,0.2,0.7,32,16,pop:sample:70
1,7,40,0.280779043396,3,2.82,1.89,0.4,0.53,426,0.283781497363,RETURNED,0.2,0.7,32,16,pop:sample:80
1,7,40,0.23378627583,4,1.22,0.33,0.4,0.49,417,0.239401417807,RETURNED,0.2,0.7,32,16,pop:sample:98
1,7,40,0.221403451613,5,1.46,0.51,0.39,0.56,421,0.221609406876,RETURNED,0.2,0.7,32,16,pop:sample:110
1,7,40,0.204808526216,6,1.9,0.84,0.4,0.67,432,0.212969367424,RETURNED,0.2,0.7,32,16,pop:sample:117
1,7,40,0.197541353778,7,1.5,0.88,0.4,0.22,436,0.202605873939,RETURNED,0.2,0.7,32,16,pop:sample:131
1,7,40,0.184925749336,8,2.87,1.65,0.39,0.83,418,0.186166150833,RETURNED,0.2,0.7,32,16,pop:sample:151
1,7,40,0.167791935779,9,11.89,10.62,0.4,0.88,425,0.174953824096,RETURNED,0.2,0.7,32,16,pop:sample:170
1,7,40,0.149001874746,10,1.72,0.64,0.4,0.69,436,0.149001874746,RETURNED,0.2,0.7,32,16,pop:sample:213
1,7,40,0.147269720844,11,1.42,0.73,0.4,0.29,423,0.147767986026,RETURNED,0.2,0.7,32,16,pop:sample:216
1,7,40,0.146200125057,12,3.07,0.7,0.4,1.97,420,0.147269720844,RETURNED,0.2,0.7,32,16,pop:sample:221
1,7,40,0.143308314204,13,3.23,0.79,0.41,2.04,431,0.143308314204,RETURNED,0.2,0.7,32,16,pop:sample:226
1,7,40,0.14243559751,14,2.11,1.09,0.4,0.61,447,0.143308314204,RETURNED,0.2,0.7,32,16,pop:sample:229
1,8,40,0.368539154356,0,1.76,0.92,0.36,0.47,419,0.402868277567,RETURNED,0.2,0.7,32,16,pop:sample:49
1,8,40,0.284535067672,1,3.82,2.91,0.38,0.52,420,0.309640090983,RETURNED,0.2,0.7,32,16,pop:sample:67
1,8,40,0.239286694239,2,0.96,0.3,0.38,0.27,399,0.248150734359,RETURNED,0.2,0.7,32,16,pop:sample:93
1,8,40,0.238075592987,3,3.26,0.76,0.39,2.11,427,0.239286694239,RETURNED,0.2,0.7,32,16,pop:sample:101
1,8,40,0.203851064525,4,2.47,0.55,0.38,1.54,412,0.203851064525,RETURNED,0.2,0.7,32,16,pop:sample:126
1,8,40,0.192005568395,5,1.38,0.73,0.38,0.26,410,0.192673570614,RETURNED,0.2,0.7,32,16,pop:sample:142
1,8,40,0.1847838103,6,1.25,0.3,0.39,0.56,421,0.189941839868,RETURNED,0.2,0.7,32,16,pop:sample:153
1,8,40,0.182366393893,7,6.23,2.12,0.39,3.71,418,0.182366393893,RETURNED,0.2,0.7,32,16,pop:sample:163
1,8,40,0.164231884987,8,1.33,0.41,0.41,0.51,411,0.164827980849,RETURNED,0.2,0.7,32,16,pop:sample:188
1,8,40,0.156177326461,9,1.78,0.65,0.39,0.74,441,0.162291112304,RETURNED,0.2,0.7,32,16,pop:sample:193
1,8,40,0.154497710625,10,0.96,0.29,0.39,0.28,433,0.156177326461,RETURNED,0.2,0.7,32,16,pop:sample:200
1,8,40,0.154705459085,11,7.92,0.45,0.39,7.08,424,0.155751992633,RETURNED,0.2,0.7,32,16,pop:sample:205
1,8,40,0.143348809654,12,1.01,0.3,0.39,0.32,421,0.14547307212,RETURNED,0.2,0.7,32,16,pop:sample:224
1,8,40,0.143308314204,13,1.21,0.35,0.39,0.47,441,0.143348809654,RETURNED,0.2,0.7,32,16,pop:sample:225
1,8,40,0.144083503596,14,0.95,0.32,0.39,0.23,409,0.144182219467,RETURNED,0.2,0.7,32,16,pop:sample:227
1,9,40,0.506484665151,0,0.92,0.31,0.36,0.25,430,0.55517846409,RETURNED,0.2,0.7,32,16,pop:sample:45
1,9,40,0.348147959767,1,1.01,0.34,0.38,0.29,415,0.37794686416,RETURNED,0.2,0.7,32,16,pop:sample:55
1,9,40,0.313787557773,2,1.03,0.28,0.37,0.39,406,0.330646635506,RETURNED,0.2,0.7,32,16,pop:sample:68
1,9,40,0.251156852539,3,1.67,0.82,0.4,0.45,434,0.290087357934,RETURNED,0.2,0.7,32,16,pop:sample:77
1,9,40,0.233889664347,4,8.77,7.35,0.4,1.02,438,0.251156852539,RETURNED,0.2,0.7,32,16,pop:sample:89
1,9,40,0.184997293627,5,2.4,0.5,0.39,1.51,418,0.191635842031,RETURNED,0.2,0.7,32,16,pop:sample:149
1,9,40,0.178329079057,6,5.02,3.5,0.4,1.13,418,0.180574680674,RETURNED,0.2,0.7,32,16,pop:sample:166
1,9,40,0.16183956264,7,4.89,4.03,0.41,0.45,416,0.166155158454,RETURNED,0.2,0.7,32,16,pop:sample:183
1,9,40,0.15460164674,8,36.34,1.47,0.4,34.48,423,0.154705459085,RETURNED,0.2,0.7,32,16,pop:sample:206
1,9,40,0.142346593261,9,1.76,0.69,0.4,0.67,432,0.142395261431,RETURNED,0.2,0.7,32,16,pop:sample:235
1,9,40,0.14243559751,10,1.44,0.36,0.41,0.68,448,0.14243559751,RETURNED,0.2,0.7,32,16,pop:sample:236
1,9,40,0.142346593261,11,2.0,0.47,0.4,1.13,427,0.142346593261,RETURNED,0.2,0.7,32,16,pop:sample:237
1,9,40,0.142315169746,12,1.14,0.44,0.39,0.32,402,0.142315169746,RETURNED,0.2,0.7,32,16,pop:sample:238
1,9,40,0.142315169746,13,4.0,3.03,0.4,0.57,438,0.142315169746,RETURNED,0.2,0.7,32,16,pop:sample:239
1,9,40,0.142315169746,14,2.02,1.06,0.39,0.57,411,0.142315169746,RETURNED,0.2,0.7,32,16,pop:sample:240
1,10,40,0.415458799527,0,0.8,0.25,0.34,0.21,415,0.427693540963,RETURNED,0.2,0.7,32,16,pop:sample:46
1,10,40,0.36184328904,1,2.63,1.62,0.37,0.64,412,0.36184328904,RETURNED,0.2,0.7,32,16,pop:sample:57
1,10,40,0.25250307226,2,2.14,1.39,0.39,0.36,395,0.283781497363,RETURNED,0.2,0.7,32,16,pop:sample:81
1,10,40,0.240950035367,3,3.27,0.43,0.4,2.44,412,0.251156852539,RETURNED,0.2,0.7,32,16,pop:sample:92
1,10,40,0.209941617458,4,4.22,1.86,0.39,1.97,424,0.213001756775,RETURNED,0.2,0.7,32,16,pop:sample:118
1,10,40,0.18936040809,5,1.7,0.44,0.41,0.85,420,0.191881209256,RETURNED,0.2,0.7,32,16,pop:sample:146
1,10,40,0.182366393893,6,1.27,0.59,0.4,0.29,430,0.184997293627,RETURNED,0.2,0.7,32,16,pop:sample:157
1,10,40,0.177731633159,7,6.76,2.63,0.39,3.74,398,0.179071915901,RETURNED,0.2,0.7,32,16,pop:sample:165
1,10,40,0.16420889081,8,1.35,0.53,0.4,0.42,403,0.16466016,RETURNED,0.2,0.7,32,16,pop:sample:191
1,10,40,0.160064606639,9,2.37,0.42,0.42,1.53,428,0.162291112304,RETURNED,0.2,0.7,32,16,pop:sample:197
1,10,40,0.152674424365,10,4.58,2.18,0.41,1.99,446,0.157352154376,RETURNED,0.2,0.7,32,16,pop:sample:207
1,10,40,0.146894634867,11,10.9,9.96,0.39,0.55,422,0.147491058236,RETURNED,0.2,0.7,32,16,pop:sample:220
1,10,40,0.14243559751,12,1.14,0.43,0.4,0.32,419,0.14243559751,RETURNED,0.2,0.7,32,16,pop:sample:231
1,10,40,0.142395261431,13,2.62,1.94,0.41,0.27,438,0.142395261431,RETURNED,0.2,0.7,32,16,pop:sample:232
1,10,40,0.142395261431,14,1.68,1.09,0.39,0.2,409,0.14243559751,RETURNED,0.2,0.7,32,16,pop:sample:234
1,11,40,0.37794686416,0,0.93,0.37,0.35,0.21,406,0.487020121737,RETURNED,0.2,0.7,32,16,pop:sample:41
1,11,40,0.353124845284,1,2.2,1.5,0.36,0.34,411,0.375298022732,RETURNED,0.2,0.7,32,16,pop:sample:58
1,11,40,0.287562215673,2,3.91,1.07,0.38,2.47,425,0.299901775042,RETURNED,0.2,0.7,32,16,pop:sample:76
1,11,40,0.228527418951,3,1.34,0.58,0.4,0.35,413,0.231252118967,RETURNED,0.2,0.7,32,16,pop:sample:105
1,11,40,0.219542204047,4,4.14,2.67,0.4,1.07,418,0.219542204047,RETURNED,0.2,0.7,32,16,pop:sample:113
1,11,40,0.187298042137,5,3.04,0.76,0.39,1.89,417,0.19121000044,RETURNED,0.2,0.7,32,16,pop:sample:138
1,11,40,0.182090985578,6,2.89,2.08,0.4,0.41,389,0.184390233267,RETURNED,0.2,0.7,32,16,pop:sample:160
1,11,40,0.167337664996,7,7.0,4.78,0.41,1.81,434,0.167454238703,RETURNED,0.2,0.7,32,16,pop:sample:175
1,11,40,0.15488772244,8,2.02,0.7,0.39,0.93,410,0.157235060533,RETURNED,0.2,0.7,32,16,pop:sample:201
1,11,40,0.153177145188,9,4.26,1.54,0.39,2.33,417,0.154234996468,RETURNED,0.2,0.7,32,16,pop:sample:210
1,11,40,0.145380112405,10,1.69,0.29,0.39,1.01,421,0.147259896756,RETURNED,0.2,0.7,32,16,pop:sample:219
1,11,40,0.143619539026,11,3.83,3.16,0.4,0.27,427,0.144521471993,RETURNED,0.2,0.7,32,16,pop:sample:223
1,11,40,0.142735175274,12,4.21,2.86,0.4,0.95,452,0.143308314204,RETURNED,0.2,0.7,32,16,pop:sample:228
1,11,40,0.142735175274,13,1.45,0.58,0.41,0.46,414,0.142735175274,RETURNED,0.2,0.7,32,16,pop:sample:230
1,11,40,0.14243559751,14,1.34,0.58,0.39,0.37,423,0.14243559751,RETURNED,0.2,0.7,32,16,pop:sample:233
1,12,40,0.446155214238,0,3.19,2.59,0.36,0.24,440,0.44649311563,RETURNED,0.2,0.7,32,16,pop:sample:40
1,12,40,0.335248547589,1,0.85,0.27,0.38,0.21,422,0.358087965523,RETURNED,0.2,0.7,32,16,pop:sample:51
1,12,40,0.317845220322,2,2.63,1.7,0.38,0.55,434,0.329129291585,RETURNED,0.2,0.7,32,16,pop:sample:66
1,12,40,0.2615981175,3,1.74,0.64,0.38,0.72,390,0.279560114697,RETURNED,0.2,0.7,32,16,pop:sample:84
1,12,40,0.241788127505,4,1.65,0.69,0.39,0.58,407,0.251156852539,RETURNED,0.2,0.7,32,16,pop:sample:96
1,12,40,0.21556081736,5,2.38,1.14,0.39,0.85,427,0.228578480496,RETURNED,0.2,0.7,32,16,pop:sample:108
1,12,40,0.199646662402,6,4.77,0.47,0.39,3.91,383,0.201850735701,RETURNED,0.2,0.7,32,16,pop:sample:124
1,12,40,0.183287504528,7,3.94,1.61,0.42,1.9,407,0.185410158555,RETURNED,0.2,0.7,32,16,pop:sample:155
1,12,40,0.174360945643,8,1.12,0.24,0.4,0.48,431,0.175618058548,RETURNED,0.2,0.7,32,16,pop:sample:174
1,12,40,0.171269407862,9,1.32,0.48,0.39,0.45,412,0.171269407862,RETURNED,0.2,0.7,32,16,pop:sample:179
1,12,40,0.166395692236,10,5.18,3.95,0.39,0.84,400,0.166544766496,RETURNED,0.2,0.7,32,16,pop:sample:184
1,12,40,0.153950760547,11,3.4,2.67,0.4,0.33,424,0.154497710625,RETURNED,0.2,0.7,32,16,pop:sample:204
1,12,40,0.147491058236,12,1.94,0.89,0.4,0.65,391,0.147944000082,RETURNED,0.2,0.7,32,16,pop:sample:215
1,12,40,0.147427342495,13,1.66,0.54,0.41,0.71,398,0.147467664161,RETURNED,0.2,0.7,32,16,pop:sample:217
1,12,40,0.14543266691,14,1.31,0.42,0.39,0.5,415,0.14543266691,RETURNED,0.2,0.7,32,16,pop:sample:222
1,13,40,115.885509683,0,1.09,0.84,0.09,0.16,422,116.636429327,RETURNED,0.2,0.7,32,16,pop:sample:25
1,13,40,0.554030710188,1,0.96,0.24,0.32,0.4,430,0.60184881651,RETURNED,0.2,0.7,32,16,pop:sample:31
1,13,40,0.394286667663,2,1.35,0.37,0.36,0.61,408,0.44649311563,RETURNED,0.2,0.7,32,16,pop:sample:38
1,13,40,0.350336620942,3,3.52,2.79,0.37,0.36,423,0.367809696843,RETURNED,0.2,0.7,32,16,pop:sample:53
1,13,40,0.258021298605,4,1.98,1.2,0.38,0.39,425,0.293587314067,RETURNED,0.2,0.7,32,16,pop:sample:88
1,13,40,0.231424546277,5,3.51,2.67,0.38,0.46,427,0.23378627583,RETURNED,0.2,0.7,32,16,pop:sample:100
1,13,40,0.207764728182,6,1.56,0.62,0.39,0.55,430,0.212421087779,RETURNED,0.2,0.7,32,16,pop:sample:123
1,13,40,0.193653173146,7,0.97,0.36,0.4,0.21,426,0.197626196915,RETURNED,0.2,0.7,32,16,pop:sample:130
1,13,40,0.193653173146,8,0.95,0.3,0.44,0.22,447,0.193653173146,RETURNED,0.2,0.7,32,16,pop:sample:135
1,13,40,0.191485709565,9,1.84,0.94,0.4,0.51,433,0.193653173146,RETURNED,0.2,0.7,32,16,pop:sample:148
1,13,40,0.18133962841,10,2.74,0.31,0.39,2.04,410,0.184408581046,RETURNED,0.2,0.7,32,16,pop:sample:158
1,13,40,0.171269407862,11,1.04,0.3,0.4,0.34,423,0.174768239845,RETURNED,0.2,0.7,32,16,pop:sample:172
1,13,40,0.164952472464,12,4.9,1.56,0.4,2.94,426,0.170758245214,RETURNED,0.2,0.7,32,16,pop:sample:178
1,13,40,0.160096698781,13,1.38,0.77,0.39,0.22,423,0.161985590986,RETURNED,0.2,0.7,32,16,pop:sample:198
1,13,40,0.156177326461,14,3.55,0.37,0.39,2.8,389,0.156177326461,RETURNED,0.2,0.7,32,16,pop:sample:202
1,14,40,0.363151649093,0,3.83,3.15,0.36,0.32,417,0.416501258112,RETURNED,0.2,0.7,32,16,pop:sample:37
1,14,40,0.293167755359,1,3.92,2.7,0.38,0.84,409,0.310496887058,RETURNED,0.2,0.7,32,16,pop:sample:65
1,14,40,0.239698503613,2,2.18,1.48,0.39,0.31,417,0.24656559535,RETURNED,0.2,0.7,32,16,pop:sample:95
1,14,40,0.219542204047,3,0.94,0.25,0.39,0.29,421,0.228693083189,RETURNED,0.2,0.7,32,16,pop:sample:111
1,14,40,0.203851064525,4,1.09,0.28,0.4,0.42,435,0.219542204047,RETURNED,0.2,0.7,32,16,pop:sample:114
1,14,40,0.203851064525,5,1.25,0.45,0.41,0.39,422,0.203851064525,RETURNED,0.2,0.7,32,16,pop:sample:122
1,14,40,0.200393945585,6,1.37,0.36,0.41,0.6,421,0.203851064525,RETURNED,0.2,0.7,32,16,pop:sample:128
1,14,40,0.188537629602,7,1.61,0.73,0.41,0.48,437,0.193355885512,RETURNED,0.2,0.7,32,16,pop:sample:136
1,14,40,0.186920358364,8,1.51,0.37,0.4,0.74,412,0.187599367229,RETURNED,0.2,0.7,32,16,pop:sample:152
1,14,40,0.184091874663,9,4.5,2.2,0.4,1.91,422,0.184925749336,RETURNED,0.2,0.7,32,16,pop:sample:162
1,14,40,0.166558080602,10,1.19,0.43,0.4,0.36,434,0.166707128092,RETURNED,0.2,0.7,32,16,pop:sample:182
1,14,40,0.162291112304,11,1.1,0.5,0.4,0.2,448,0.166215977155,RETURNED,0.2,0.7,32,16,pop:sample:189
1,14,40,0.161002791402,12,3.61,2.86,0.4,0.35,411,0.161384373662,RETURNED,0.2,0.7,32,16,pop:sample:194
1,14,40,0.147767986026,13,4.06,1.77,0.4,1.89,433,0.148938057439,RETURNED,0.2,0.7,32,16,pop:sample:208
1,14,40,0.147402480837,14,1.77,0.66,0.4,0.72,411,0.147402480837,RETURNED,0.2,0.7,32,16,pop:sample:218
1,15,40,0.44649311563,0,2.14,1.39,0.32,0.44,417,0.534932462612,RETURNED,0.2,0.7,32,16,pop:sample:32
1,15,40,0.412627901854,1,1.1,0.52,0.37,0.21,421,0.44649311563,RETURNED,0.2,0.7,32,16,pop:sample:43
1,15,40,0.338456270722,2,1.35,0.31,0.37,0.67,397,0.384543860728,RETURNED,0.2,0.7,32,16,pop:sample:59
1,15,40,0.312956588357,3,1.91,0.57,0.39,0.95,424,0.324835488787,RETURNED,0.2,0.7,32,16,pop:sample:69
1,15,40,0.241106457015,4,3.95,2.93,0.39,0.64,430,0.248178682519,RETURNED,0.2,0.7,32,16,pop:sample:86
1,15,40,0.213734619899,5,3.32,2.43,0.44,0.46,412,0.214969449681,RETURNED,0.2,0.7,32,16,pop:sample:112
1,15,40,0.195020419195,6,1.53,0.79,0.41,0.34,408,0.198216687147,RETURNED,0.2,0.7,32,16,pop:sample:132
1,15,40,0.188813081198,7,3.98,0.85,0.42,2.71,435,0.195221135877,RETURNED,0.2,0.7,32,16,pop:sample:143
1,15,40,0.178369645647,8,1.88,0.45,0.39,1.04,413,0.180574680674,RETURNED,0.2,0.7,32,16,pop:sample:168
1,15,40,0.166155158454,9,1.42,0.62,0.39,0.42,412,0.175618058548,RETURNED,0.2,0.7,32,16,pop:sample:176
1,15,40,0.166791847059,10,1.26,0.42,0.4,0.44,431,0.170482137562,RETURNED,0.2,0.7,32,16,pop:sample:181
1,15,40,0.165677783949,11,1.7,0.9,0.4,0.4,425,0.166558080602,RETURNED,0.2,0.7,32,16,pop:sample:186
1,15,40,0.162291112304,12,1.51,0.81,0.4,0.3,433,0.162291112304,RETURNED,0.2,0.7,32,16,pop:sample:192
1,15,40,0.149485726505,13,2.49,1.82,0.41,0.26,430,0.158256879674,RETURNED,0.2,0.7,32,16,pop:sample:199
1,15,40,0.149001874746,14,1.16,0.51,0.39,0.26,422,0.149485726505,RETURNED,0.2,0.7,32,16,pop:sample:209
2,90.71,0.22
2,0,40,427.156435388,0,0.82,0.49,0.1,0.23,420,527.047765097,RETURNED,0.2,0.7,32,16,pop:sample:1
2,0,40,192.828317218,1,0.65,0.36,0.1,0.2,446,402.806795673,RETURNED,0.2,0.7,32,16,pop:sample:8
2,0,40,134.96780209,2,1.01,0.4,0.1,0.51,426,175.988821382,RETURNED,0.2,0.7,32,16,pop:sample:9
2,0,40,0.549967467347,3,1.06,0.49,0.36,0.21,404,0.636296073348,RETURNED,0.2,0.7,32,16,pop:sample:20
2,0,40,0.436159812797,4,0.99,0.18,0.42,0.38,418,0.513502715642,RETURNED,0.2,0.7,32,16,pop:sample:28
2,0,40,0.402791016662,5,1.9,1.1,0.44,0.36,420,0.431228497168,RETURNED,0.2,0.7,32,16,pop:sample:36
2,0,40,0.347414563614,6,1.28,0.35,0.43,0.51,413,0.370233404412,RETURNED,0.2,0.7,32,16,pop:sample:46
2,0,40,0.292027904617,7,1.05,0.32,0.43,0.31,402,0.314087323357,RETURNED,0.2,0.7,32,16,pop:sample:52
2,0,40,0.289165007301,8,6.51,0.4,0.46,5.65,400,0.292027904617,RETURNED,0.2,0.7,32,16,pop:sample:60
2,0,40,0.22678193706,9,1.37,0.38,0.43,0.56,414,0.227277466988,RETURNED,0.2,0.7,32,16,pop:sample:83
2,0,40,0.218024900721,10,1.56,0.55,0.43,0.57,417,0.218671723751,RETURNED,0.2,0.7,32,16,pop:sample:94
2,0,40,0.199918785232,11,2.28,0.8,0.42,1.06,425,0.210595246656,RETURNED,0.2,0.7,32,16,pop:sample:108
2,0,40,0.177572617132,12,2.09,0.9,0.41,0.77,412,0.186158407558,RETURNED,0.2,0.7,32,16,pop:sample:131
2,0,40,0.173720435682,13,1.89,0.73,0.43,0.72,401,0.175848898594,RETURNED,0.2,0.7,32,16,pop:sample:144
2,0,40,0.160765730721,14,2.15,0.99,0.41,0.75,398,0.161966365955,RETURNED,0.2,0.7,32,16,pop:sample:158
2,1,40,344.570179877,0,1.36,1.11,0.09,0.16,403,485.639601885,RETURNED,0.2,0.7,32,16,pop:sample:2
2,1,40,170.24017236,1,1.04,0.7,0.09,0.25,435,177.669643187,RETURNED,0.2,0.7,32,16,pop:sample:15
2,1,40,0.613628183567,2,1.66,0.58,0.32,0.76,417,0.678540356058,RETURNED,0.2,0.7,32,16,pop:sample:22
2,1,40,0.391150460039,3,1.67,0.99,0.41,0.26,434,0.430566633132,RETURNED,0.2,0.7,32,16,pop:sample:33
2,1,40,0.317339111029,4,1.76,0.56,0.42,0.78,412,0.370529094357,RETURNED,0.2,0.7,32,16,pop:sample:41
2,1,40,0.294999319312,5,1.8,0.77,0.42,0.61,421,0.324018863729,RETURNED,0.2,0.7,32,16,pop:sample:53
2,1,40,0.262064767597,6,1.64,0.9,0.4,0.33,422,0.288887899156,RETURNED,0.2,0.7,32,16,pop:sample:64
2,1,40,0.240038442688,7,2.5,1.25,0.58,0.67,429,0.259684131797,RETURNED,0.2,0.7,32,16,pop:sample:70
2,1,40,0.227277466988,8,1.42,0.6,0.42,0.4,427,0.238537755133,RETURNED,0.2,0.7,32,16,pop:sample:78
2,1,40,0.225570821523,9,1.73,0.67,0.4,0.65,411,0.225570821523,RETURNED,0.2,0.7,32,16,pop:sample:87
2,1,40,0.20922199837,10,2.23,0.35,0.41,1.47,436,0.212728630728,RETURNED,0.2,0.7,32,16,pop:sample:104
2,1,40,0.186809181336,11,2.1,1.35,0.4,0.35,409,0.196222425765,RETURNED,0.2,0.7,32,16,pop:sample:121
2,1,40,0.181899768674,12,1.96,0.42,0.41,1.13,424,0.190047751932,RETURNED,0.2,0.7,32,16,pop:sample:138
2,1,40,0.161966365955,13,1.13,0.32,0.41,0.4,432,0.173551218435,RETURNED,0.2,0.7,32,16,pop:sample:148
2,1,40,0.161860809477,14,1.53,0.44,0.43,0.66,435,0.161966365955,RETURNED,0.2,0.7,32,16,pop:sample:160
2,2,40,297.194983931,0,1.63,1.15,0.09,0.39,418,443.708150062,RETURNED,0.2,0.7,32,16,pop:sample:3
2,2,40,162.647809559,1,1.07,0.77,0.09,0.21,410,177.992330131,RETURNED,0.2,0.7,32,16,pop:sample:11
2,2,40,0.533198621888,2,1.81,0.67,0.31,0.83,418,0.612911844293,RETURNED,0.2,0.7,32,16,pop:sample:21
2,2,40,0.391252090979,3,1.55,0.75,0.41,0.39,407,0.431021467464,RETURNED,0.2,0.7,32,16,pop:sample:32
2,2,40,0.332735314076,4,1.78,0.68,0.4,0.69,422,0.358376958994,RETURNED,0.2,0.7,32,16,pop:sample:42
2,2,40,0.301337018921,5,1.78,0.93,0.41,0.44,413,0.316695338116,RETURNED,0.2,0.7,32,16,pop:sample:55
2,2,40,0.273317036577,6,2.24,0.47,0.43,1.34,425,0.288382211023,RETURNED,0.2,0.7,32,16,pop:sample:61
2,2,40,0.250390639847,7,3.48,0.63,0.43,2.41,422,0.260979836248,RETURNED,0.2,0.7,32,16,pop:sample:72
2,2,40,0.227254058163,8,1.68,0.4,0.4,0.88,400,0.227277466988,RETURNED,0.2,0.7,32,16,pop:sample:84
2,2,40,0.215853316129,9,1.66,0.66,0.4,0.61,421,0.216124513307,RETURNED,0.2,0.7,32,16,pop:sample:100
2,2,40,0.210234761864,10,1.94,0.51,0.41,1.02,414,0.210595246656,RETURNED,0.2,0.7,32,16,pop:sample:115
2,2,40,0.183194677081,11,1.86,1.09,0.4,0.37,428,0.19344857546,RETURNED,0.2,0.7,32,16,pop:sample:129
2,2,40,0.169258806807,12,1.44,0.6,0.39,0.45,410,0.177245507173,RETURNED,0.2,0.7,32,16,pop:sample:142
2,2,40,0.164369238078,13,1.23,0.46,0.41,0.36,429,0.168441704842,RETURNED,0.2,0.7,32,16,pop:sample:154
2,2,40,0.159075172232,14,1.94,1.2,0.41,0.33,416,0.161760023463,RETURNED,0.2,0.7,32,16,pop:sample:166
2,3,40,0.294310542978,0,2.46,1.53,0.4,0.53,432,0.318126347901,RETURNED,0.2,0.7,32,16,pop:sample:51
2,3,40,0.265184547733,1,1.57,0.63,0.41,0.54,416,0.282719064963,RETURNED,0.2,0.7,32,16,pop:sample:62
2,3,40,0.247760811188,2,2.07,0.48,0.39,1.2,406,0.259051248843,RETURNED,0.2,0.7,32,16,pop:sample:68
2,3,40,0.224222242228,3,3.68,1.23,0.4,2.06,420,0.237586245589,RETURNED,0.2,0.7,32,16,pop:sample:76
2,3,40,0.215638737173,4,1.64,0.41,0.41,0.82,439,0.219396155216,RETURNED,0.2,0.7,32,16,pop:sample:97
2,3,40,0.198764161882,5,1.43,0.7,0.39,0.33,407,0.198764161882,RETURNED,0.2,0.7,32,16,pop:sample:113
2,3,40,0.190511843053,6,3.63,0.64,0.4,2.58,435,0.198764161882,RETURNED,0.2,0.7,32,16,pop:sample:123
2,3,40,0.16676622642,7,1.19,0.27,0.4,0.52,416,0.16676622642,RETURNED,0.2,0.7,32,16,pop:sample:152
2,3,40,0.153868025886,8,14.96,0.81,0.41,13.74,417,0.156739188113,RETURNED,0.2,0.7,32,16,pop:sample:168
2,3,40,0.141158879921,9,1.98,1.06,0.4,0.51,424,0.141158879921,RETURNED,0.2,0.7,32,16,pop:sample:222
2,3,40,0.13948768905,10,1.71,0.79,0.4,0.52,418,0.1403501046,RETURNED,0.2,0.7,32,16,pop:sample:228
2,3,40,0.134433063049,11,4.28,3.12,0.4,0.76,420,0.134788856763,RETURNED,0.2,0.7,32,16,pop:sample:236
2,3,40,0.133088975526,12,2.91,1.69,0.39,0.82,396,0.133124161319,RETURNED,0.2,0.7,32,16,pop:sample:245
2,3,40,0.132377984528,13,1.17,0.44,0.41,0.33,451,0.132526621701,RETURNED,0.2,0.7,32,16,pop:sample:246
2,3,40,0.129726814697,14,1.62,0.48,0.41,0.73,441,0.13006002938,RETURNED,0.2,0.7,32,16,pop:sample:247
2,4,40,485.138151336,0,0.71,0.34,0.09,0.28,408,617.067368566,RETURNED,0.2,0.7,32,16,pop:sample:5
2,4,40,243.853348527,1,0.81,0.26,0.09,0.46,439,395.32469988,RETURNED,0.2,0.7,32,16,pop:sample:6
2,4,40,159.041043552,2,1.39,0.65,0.09,0.65,417,159.758340812,RETURNED,0.2,0.7,32,16,pop:sample:10
2,4,40,0.532546304101,3,1.64,0.21,0.32,1.11,430,0.681893145175,RETURNED,0.2,0.7,32,16,pop:sample:23
2,4,40,0.368907258357,4,1.61,0.87,0.42,0.32,409,0.427823198234,RETURNED,0.2,0.7,32,16,pop:sample:34
2,4,40,0.347639696761,5,1.99,0.56,0.41,1.02,430,0.374636714849,RETURNED,0.2,0.7,32,16,pop:sample:43
2,4,40,0.275601201163,6,7.47,1.12,0.44,5.91,416,0.309486746937,RETURNED,0.2,0.7,32,16,pop:sample:56
2,4,40,0.227277466988,7,1.28,0.27,0.41,0.59,423,0.227277466988,RETURNED,0.2,0.7,32,16,pop:sample:85
2,4,40,0.21315820602,8,1.41,0.68,0.4,0.33,408,0.218382010505,RETURNED,0.2,0.7,32,16,pop:sample:96
2,4,40,0.208368189109,9,2.21,0.83,0.42,0.97,422,0.210805286326,RETURNED,0.2,0.7,32,16,pop:sample:109
2,4,40,0.19012715237,10,1.21,0.53,0.4,0.28,392,0.198764161882,RETURNED,0.2,0.7,32,16,pop:sample:124
2,4,40,0.178551145404,11,1.55,0.67,0.4,0.48,415,0.183027404919,RETURNED,0.2,0.7,32,16,pop:sample:136
2,4,40,0.165206719892,12,1.33,0.6,0.4,0.33,422,0.17612116391,RETURNED,0.2,0.7,32,16,pop:sample:149
2,4,40,0.156554972284,13,1.84,0.55,0.41,0.87,416,0.160886649433,RETURNED,0.2,0.7,32,16,pop:sample:164
2,4,40,0.152998994344,14,2.45,0.65,0.46,1.34,429,0.155315411375,RETURNED,0.2,0.7,32,16,pop:sample:174
2,5,40,0.227277466988,0,1.68,0.68,0.4,0.6,432,0.227277466988,RETURNED,0.2,0.7,32,16,pop:sample:88
2,5,40,0.210247638443,1,2.33,0.79,0.41,1.12,435,0.217009633671,RETURNED,0.2,0.7,32,16,pop:sample:102
2,5,40,0.189306987981,2,1.43,0.33,0.41,0.68,422,0.20073359668,RETURNED,0.2,0.7,32,16,pop:sample:120
2,5,40,0.178611261493,3,4.15,3.05,0.41,0.69,421,0.186809181336,RETURNED,0.2,0.7,32,16,pop:sample:132
2,5,40,0.156926326234,4,1.15,0.46,0.41,0.28,434,0.163812646286,RETURNED,0.2,0.7,32,16,pop:sample:165
2,5,40,0.153964770348,5,2.0,1.2,0.47,0.33,437,0.157519381903,RETURNED,0.2,0.7,32,16,pop:sample:173
2,5,40,0.151155095398,6,1.96,1.16,0.44,0.37,429,0.151155095398,RETURNED,0.2,0.7,32,16,pop:sample:181
2,5,40,0.143927756521,7,1.51,0.88,0.41,0.22,426,0.143927756521,RETURNED,0.2,0.7,32,16,pop:sample:190
2,5,40,0.142013670267,8,1.18,0.32,0.46,0.41,441,0.143210002862,RETURNED,0.2,0.7,32,16,pop:sample:197
2,5,40,0.141753168981,9,1.41,0.64,0.41,0.36,423,0.141961908343,RETURNED,0.2,0.7,32,16,pop:sample:201
2,5,40,0.1414093436,10,4.71,1.67,0.4,2.63,428,0.1414093436,RETURNED,0.2,0.7,32,16,pop:sample:207
2,5,40,0.139965162631,11,3.69,0.69,0.41,2.6,411,0.139967308485,RETURNED,0.2,0.7,32,16,pop:sample:220
2,5,40,0.135606836947,12,1.68,0.91,0.41,0.36,412,0.135606836947,RETURNED,0.2,0.7,32,16,pop:sample:232
2,5,40,0.134101361557,13,1.56,0.61,0.4,0.54,435,0.134483842822,RETURNED,0.2,0.7,32,16,pop:sample:238
2,5,40,0.134790838384,14,1.51,0.6,0.4,0.5,423,0.134790838384,RETURNED,0.2,0.7,32,16,pop:sample:241
2,6,40,0.222738294505,0,1.5,0.6,0.42,0.49,428,0.226052120958,RETURNED,0.2,0.7,32,16,pop:sample:86
2,6,40,0.200793343495,1,2.4,0.66,0.41,1.32,429,0.21673078792,RETURNED,0.2,0.7,32,16,pop:sample:99
2,6,40,0.193379218816,2,1.5,0.78,0.4,0.31,425,0.20580790886,RETURNED,0.2,0.7,32,16,pop:sample:119
2,6,40,0.175702475281,3,2.97,0.48,0.4,2.1,431,0.190224609891,RETURNED,0.2,0.7,32,16,pop:sample:130
2,6,40,0.168525854421,4,0.99,0.28,0.41,0.31,437,0.168859421889,RETURNED,0.2,0.7,32,16,pop:sample:150
2,6,40,0.157500241159,5,1.28,0.4,0.4,0.48,417,0.161966365955,RETURNED,0.2,0.7,32,16,pop:sample:163
2,6,40,0.152706914629,6,1.45,0.41,0.41,0.63,424,0.153745922824,RETURNED,0.2,0.7,32,16,pop:sample:172
2,6,40,0.15280182728,7,2.68,1.27,0.43,0.98,439,0.15280182728,RETURNED,0.2,0.7,32,16,pop:sample:178
2,6,40,0.143243459416,8,1.16,0.33,0.41,0.42,413,0.146290531565,RETURNED,0.2,0.7,32,16,pop:sample:189
2,6,40,0.142887008459,9,2.42,0.56,0.46,1.4,424,0.143243459416,RETURNED,0.2,0.7,32,16,pop:sample:195
2,6,40,0.142418395154,10,1.57,0.27,0.4,0.9,414,0.142761853475,RETURNED,0.2,0.7,32,16,pop:sample:205
2,6,40,0.141882144901,11,1.17,0.4,0.4,0.37,421,0.141905065744,RETURNED,0.2,0.7,32,16,pop:sample:209
2,6,40,0.141538365609,12,2.15,0.79,0.4,0.95,423,0.141618157909,RETURNED,0.2,0.7,32,16,pop:sample:214
2,6,40,0.141407200684,13,1.88,0.59,0.4,0.89,409,0.1414093436,RETURNED,0.2,0.7,32,16,pop:sample:221
2,6,40,0.13780589361,14,3.19,0.72,0.4,2.06,417,0.139965162631,RETURNED,0.2,0.7,32,16,pop:sample:226
2,7,40,0.212728630728,0,1.99,0.94,0.4,0.65,413,0.220429515559,RETURNED,0.2,0.7,32,16,pop:sample:91
2,7,40,0.209421691611,1,1.61,0.68,0.41,0.52,414,0.212728630728,RETURNED,0.2,0.7,32,16,pop:sample:107
2,7,40,0.19344857546,2,1.78,0.8,0.41,0.58,451,0.197667885992,RETURNED,0.2,0.7,32,16,pop:sample:118
2,7,40,0.186687961355,3,1.93,0.58,0.4,0.94,427,0.189805279798,RETURNED,0.2,0.7,32,16,pop:sample:134
2,7,40,0.16874277315,4,1.4,0.53,0.4,0.47,411,0.174614452333,RETURNED,0.2,0.7,32,16,pop:sample:147
2,7,40,0.161356849265,5,1.25,0.56,0.41,0.29,425,0.161356849265,RETURNED,0.2,0.7,32,16,pop:sample:162
2,7,40,0.153020943682,6,1.71,0.49,0.42,0.81,424,0.155013145418,RETURNED,0.2,0.7,32,16,pop:sample:171
2,7,40,0.153049578874,7,1.72,1.07,0.42,0.23,403,0.154327343934,RETURNED,0.2,0.7,32,16,pop:sample:180
2,7,40,0.151155095398,8,1.18,0.45,0.45,0.27,429,0.151155095398,RETURNED,0.2,0.7,32,16,pop:sample:187
2,7,40,0.143210002862,9,1.4,0.74,0.4,0.26,429,0.145027229242,RETURNED,0.2,0.7,32,16,pop:sample:193
2,7,40,0.141998074738,10,2.57,1.55,0.4,0.62,412,0.143243459416,RETURNED,0.2,0.7,32,16,pop:sample:200
2,7,40,0.141753168981,11,1.6,0.79,0.4,0.41,408,0.141753168981,RETURNED,0.2,0.7,32,16,pop:sample:208
2,7,40,0.141451372235,12,4.58,3.41,0.4,0.77,389,0.141618157909,RETURNED,0.2,0.7,32,16,pop:sample:211
2,7,40,0.141158879921,13,2.14,1.45,0.39,0.29,408,0.141158879921,RETURNED,0.2,0.7,32,16,pop:sample:227
2,7,40,0.134790838384,14,3.11,0.46,0.39,2.26,405,0.134833143839,RETURNED,0.2,0.7,32,16,pop:sample:234
2,8,40,0.210805286326,0,2.55,1.83,0.42,0.3,438,0.217257533752,RETURNED,0.2,0.7,32,16,pop:sample:98
2,8,40,0.213166131978,1,2.11,0.68,0.43,1.0,439,0.215853316129,RETURNED,0.2,0.7,32,16,pop:sample:111
2,8,40,0.176332502215,2,2.62,1.03,0.42,1.17,423,0.192100732776,RETURNED,0.2,0.7,32,16,pop:sample:128
2,8,40,0.167545512844,3,1.49,0.44,0.41,0.65,421,0.174465376631,RETURNED,0.2,0.7,32,16,pop:sample:146
2,8,40,0.162048827352,4,2.35,0.51,0.41,1.44,399,0.164630119441,RETURNED,0.2,0.7,32,16,pop:sample:161
2,8,40,0.151961579573,5,1.79,0.7,0.44,0.66,414,0.153020943682,RETURNED,0.2,0.7,32,16,pop:sample:177
2,8,40,0.145027229242,6,1.03,0.26,0.45,0.32,428,0.147366660323,RETURNED,0.2,0.7,32,16,pop:sample:184
2,8,40,0.151144516707,7,1.28,0.34,0.44,0.5,400,0.151876399465,RETURNED,0.2,0.7,32,16,pop:sample:188
2,8,40,0.143927756521,8,1.77,0.72,0.44,0.62,425,0.144529591947,RETURNED,0.2,0.7,32,16,pop:sample:194
2,8,40,0.141618157909,9,3.54,2.9,0.42,0.22,422,0.141789460072,RETURNED,0.2,0.7,32,16,pop:sample:202
2,8,40,0.1414093436,10,5.96,3.13,0.42,2.41,425,0.1414093436,RETURNED,0.2,0.7,32,16,pop:sample:213
2,8,40,0.134788856763,11,2.0,1.04,0.41,0.55,424,0.137115040082,RETURNED,0.2,0.7,32,16,pop:sample:230
2,8,40,0.135633350883,12,1.82,0.8,0.41,0.61,415,0.135633350883,RETURNED,0.2,0.7,32,16,pop:sample:237
2,8,40,0.134101361557,13,1.53,0.68,0.43,0.43,443,0.134101361557,RETURNED,0.2,0.7,32,16,pop:sample:240
2,8,40,0.133124161319,14,2.07,1.44,0.42,0.21,434,0.133124161319,RETURNED,0.2,0.7,32,16,pop:sample:244
2,9,40,0.214894931535,0,3.97,1.54,0.41,2.02,429,0.224222242228,RETURNED,0.2,0.7,32,16,pop:sample:95
2,9,40,0.187208833089,1,1.24,0.43,0.42,0.4,442,0.198662104147,RETURNED,0.2,0.7,32,16,pop:sample:122
2,9,40,0.185850331674,2,1.17,0.39,0.41,0.37,422,0.186570202243,RETURNED,0.2,0.7,32,16,pop:sample:135
2,9,40,0.171625746686,3,1.55,0.84,0.4,0.31,424,0.17608943552,RETURNED,0.2,0.7,32,16,pop:sample:141
2,9,40,0.163559035848,4,1.31,0.7,0.4,0.21,419,0.167545512844,RETURNED,0.2,0.7,32,16,pop:sample:155
2,9,40,0.156331255544,5,1.75,0.51,0.41,0.83,418,0.161319668157,RETURNED,0.2,0.7,32,16,pop:sample:170
2,9,40,0.147585006057,6,1.0,0.28,0.42,0.29,437,0.153020943682,RETURNED,0.2,0.7,32,16,pop:sample:179
2,9,40,0.146488450463,7,1.91,0.79,0.44,0.68,417,0.147406928153,RETURNED,0.2,0.7,32,16,pop:sample:183
2,9,40,0.143581775801,8,1.32,0.32,0.42,0.57,419,0.146467490003,RETURNED,0.2,0.7,32,16,pop:sample:192
2,9,40,0.141984827425,9,1.06,0.37,0.48,0.21,421,0.142508252277,RETURNED,0.2,0.7,32,16,pop:sample:199
2,9,40,0.141997293924,10,5.87,2.55,0.4,2.92,402,0.141997293924,RETURNED,0.2,0.7,32,16,pop:sample:203
2,9,40,0.141407200684,11,1.27,0.33,0.4,0.54,393,0.1414093436,RETURNED,0.2,0.7,32,16,pop:sample:219
2,9,40,0.13951152387,12,2.47,1.6,0.41,0.45,439,0.1403501046,RETURNED,0.2,0.7,32,16,pop:sample:225
2,9,40,0.138648416096,13,3.78,3.16,0.41,0.22,405,0.13948768905,RETURNED,0.2,0.7,32,16,pop:sample:231
2,9,40,0.132996144496,14,1.89,0.82,0.42,0.65,415,0.132996144496,RETURNED,0.2,0.7,32,16,pop:sample:242
2,10,40,0.215760212732,0,4.99,2.96,0.4,1.64,426,0.215860392355,RETURNED,0.2,0.7,32,16,pop:sample:103
2,10,40,0.195107824297,1,1.32,0.66,0.41,0.25,429,0.197015524939,RETURNED,0.2,0.7,32,16,pop:sample:125
2,10,40,0.169773185764,2,2.56,1.75,0.39,0.41,412,0.177572617132,RETURNED,0.2,0.7,32,16,pop:sample:143
2,10,40,0.163095445317,3,1.17,0.5,0.4,0.26,432,0.167545512844,RETURNED,0.2,0.7,32,16,pop:sample:157
2,10,40,0.154497415113,4,2.8,1.16,0.43,1.2,429,0.159006355085,RETURNED,0.2,0.7,32,16,pop:sample:169
2,10,40,0.146828701067,5,2.22,0.84,0.45,0.93,420,0.147451454978,RETURNED,0.2,0.7,32,16,pop:sample:182
2,10,40,0.143498807866,6,1.36,0.77,0.4,0.19,432,0.146623914211,RETURNED,0.2,0.7,32,16,pop:sample:191
2,10,40,0.142761853475,7,1.48,0.71,0.41,0.36,442,0.142763993471,RETURNED,0.2,0.7,32,16,pop:sample:198
2,10,40,0.141905065744,8,2.97,0.68,0.4,1.89,412,0.141907207572,RETURNED,0.2,0.7,32,16,pop:sample:204
2,10,40,0.141538365609,9,1.17,0.52,0.4,0.25,410,0.141882144901,RETURNED,0.2,0.7,32,16,pop:sample:212
2,10,40,0.141158879921,10,1.03,0.24,0.4,0.38,435,0.1414093436,RETURNED,0.2,0.7,32,16,pop:sample:216
2,10,40,0.141449229405,11,1.54,0.88,0.41,0.26,439,0.141474302996,RETURNED,0.2,0.7,32,16,pop:sample:218
2,10,40,0.137115040082,12,2.38,1.1,0.4,0.89,417,0.139726570332,RETURNED,0.2,0.7,32,16,pop:sample:223
2,10,40,0.135633350883,13,1.96,0.94,0.4,0.62,410,0.135633350883,RETURNED,0.2,0.7,32,16,pop:sample:233
2,10,40,0.134788856763,14,2.69,0.3,0.4,1.98,428,0.134788856763,RETURNED,0.2,0.7,32,16,pop:sample:239
2,11,40,0.199719471793,0,3.67,2.75,0.4,0.52,440,0.219819817972,RETURNED,0.2,0.7,32,16,pop:sample:106
2,11,40,0.190376573772,1,2.11,1.32,0.41,0.39,423,0.200846258104,RETURNED,0.2,0.7,32,16,pop:sample:117
2,11,40,0.169448223551,2,3.25,2.49,0.4,0.35,424,0.180149162432,RETURNED,0.2,0.7,32,16,pop:sample:137
2,11,40,0.159030849919,3,2.26,0.62,0.4,1.24,427,0.161184829818,RETURNED,0.2,0.7,32,16,pop:sample:159
2,11,40,0.152809503087,4,1.93,0.87,0.42,0.64,408,0.155718316698,RETURNED,0.2,0.7,32,16,pop:sample:176
2,11,40,0.146968101922,5,2.71,0.24,0.45,2.02,421,0.146968101922,RETURNED,0.2,0.7,32,16,pop:sample:186
2,11,40,0.143498807866,6,2.19,1.47,0.43,0.29,424,0.143498807866,RETURNED,0.2,0.7,32,16,pop:sample:196
2,11,40,0.141997293924,7,1.63,1.0,0.4,0.22,416,0.142013670267,RETURNED,0.2,0.7,32,16,pop:sample:206
2,11,40,0.141753168981,8,1.68,0.92,0.4,0.37,408,0.141753168981,RETURNED,0.2,0.7,32,16,pop:sample:210
2,11,40,0.1414093436,9,0.95,0.33,0.41,0.22,417,0.141618157909,RETURNED,0.2,0.7,32,16,pop:sample:215
2,11,40,0.1403501046,10,2.18,1.16,0.41,0.62,401,0.1414093436,RETURNED,0.2,0.7,32,16,pop:sample:217
2,11,40,0.140046062382,11,1.54,0.37,0.41,0.76,428,0.1403501046,RETURNED,0.2,0.7,32,16,pop:sample:224
2,11,40,0.135633350883,12,1.14,0.45,0.41,0.28,441,0.135982444194,RETURNED,0.2,0.7,32,16,pop:sample:229
2,11,40,0.134666193736,13,3.62,0.84,0.42,2.36,423,0.136969287939,RETURNED,0.2,0.7,32,16,pop:sample:235
2,11,40,0.133124161319,14,1.02,0.32,0.41,0.3,423,0.13384853756,RETURNED,0.2,0.7,32,16,pop:sample:243
2,12,40,114.572528053,0,0.73,0.19,0.09,0.44,420,165.413987807,RETURNED,0.2,0.7,32,16,pop:sample:13
2,12,40,0.593708023606,1,0.89,0.36,0.33,0.2,445,0.809416557717,RETURNED,0.2,0.7,32,16,pop:sample:17
2,12,40,0.449628786693,2,1.36,0.23,0.36,0.76,402,0.525386403675,RETURNED,0.2,0.7,32,16,pop:sample:26
2,12,40,0.370529094357,3,0.83,0.23,0.39,0.21,424,0.435409684884,RETURNED,0.2,0.7,32,16,pop:sample:35
2,12,40,0.363038499175,4,1.62,0.51,0.4,0.71,429,0.367973048507,RETURNED,0.2,0.7,32,16,pop:sample:39
2,12,40,0.32043211627,5,1.26,0.38,0.39,0.49,417,0.336983009981,RETURNED,0.2,0.7,32,16,pop:sample:49
2,12,40,0.297604634933,6,1.83,0.31,0.39,1.13,412,0.32043211627,RETURNED,0.2,0.7,32,16,pop:sample:58
2,12,40,0.275452183899,7,1.93,0.78,0.39,0.76,425,0.277173963899,RETURNED,0.2,0.7,32,16,pop:sample:65
2,12,40,0.242324862778,8,2.68,0.37,0.39,1.91,410,0.255636513788,RETURNED,0.2,0.7,32,16,pop:sample:73
2,12,40,0.226770194108,9,1.3,0.64,0.4,0.26,434,0.232352413402,RETURNED,0.2,0.7,32,16,pop:sample:81
2,12,40,0.217422211518,10,2.29,1.22,0.38,0.68,411,0.221630276435,RETURNED,0.2,0.7,32,16,pop:sample:93
2,12,40,0.198205791903,11,2.32,1.45,0.39,0.48,419,0.200176391428,RETURNED,0.2,0.7,32,16,pop:sample:112
2,12,40,0.188385855286,12,1.46,0.7,0.4,0.37,426,0.190376573772,RETURNED,0.2,0.7,32,16,pop:sample:133
2,12,40,0.168441704842,13,1.46,0.73,0.39,0.34,416,0.170163599276,RETURNED,0.2,0.7,32,16,pop:sample:145
2,12,40,0.161909077443,14,1.35,0.61,0.4,0.35,431,0.161966365955,RETURNED,0.2,0.7,32,16,pop:sample:156
2,13,40,142.847821239,0,0.88,0.19,0.1,0.59,408,192.846763229,RETURNED,0.2,0.7,32,16,pop:sample:16
2,13,40,0.630108519177,1,1.35,0.54,0.27,0.55,422,0.701070744773,RETURNED,0.2,0.7,32,16,pop:sample:24
2,13,40,0.411894606308,2,2.33,1.57,0.37,0.39,417,0.489574033068,RETURNED,0.2,0.7,32,16,pop:sample:31
2,13,40,0.336179727619,3,1.02,0.36,0.4,0.26,438,0.367280742137,RETURNED,0.2,0.7,32,16,pop:sample:44
2,13,40,0.33214889172,4,1.29,0.5,0.4,0.4,410,0.335603890894,RETURNED,0.2,0.7,32,16,pop:sample:50
2,13,40,0.280023161216,5,1.73,0.97,0.39,0.37,415,0.287912036866,RETURNED,0.2,0.7,32,16,pop:sample:59
2,13,40,0.262622277407,6,1.42,0.47,0.4,0.55,417,0.267983705171,RETURNED,0.2,0.7,32,16,pop:sample:66
2,13,40,0.247690875924,7,1.77,1.0,0.41,0.36,428,0.257546628824,RETURNED,0.2,0.7,32,16,pop:sample:71
2,13,40,0.236040149373,8,1.52,0.75,0.4,0.37,430,0.236040149373,RETURNED,0.2,0.7,32,16,pop:sample:75
2,13,40,0.224064355068,9,1.34,0.34,0.39,0.6,415,0.227277466988,RETURNED,0.2,0.7,32,16,pop:sample:82
2,13,40,0.217902696207,10,1.97,0.94,0.4,0.64,418,0.223939284562,RETURNED,0.2,0.7,32,16,pop:sample:92
2,13,40,0.209923654398,11,2.37,0.78,0.41,1.18,445,0.210805286326,RETURNED,0.2,0.7,32,16,pop:sample:110
2,13,40,0.179133776856,12,1.7,0.41,0.4,0.9,415,0.194625781446,RETURNED,0.2,0.7,32,16,pop:sample:127
2,13,40,0.170965670922,13,1.62,0.74,0.41,0.46,448,0.178320367222,RETURNED,0.2,0.7,32,16,pop:sample:140
2,13,40,0.167684141784,14,1.7,0.95,0.39,0.35,410,0.169258806807,RETURNED,0.2,0.7,32,16,pop:sample:153
2,14,40,0.489574033068,0,2.05,1.46,0.31,0.27,415,0.68682217338,RETURNED,0.2,0.7,32,16,pop:sample:25
2,14,40,0.444682588713,1,1.35,0.19,0.37,0.78,424,0.491503312182,RETURNED,0.2,0.7,32,16,pop:sample:29
2,14,40,0.379507395811,2,1.12,0.26,0.4,0.46,413,0.428225183679,RETURNED,0.2,0.7,32,16,pop:sample:38
2,14,40,0.34375577178,3,1.67,0.9,0.4,0.37,419,0.363971961888,RETURNED,0.2,0.7,32,16,pop:sample:45
2,14,40,0.294302355545,4,3.4,0.26,0.39,2.74,428,0.318027204319,RETURNED,0.2,0.7,32,16,pop:sample:54
2,14,40,0.252028808658,5,3.8,1.32,0.41,2.06,424,0.25643662454,RETURNED,0.2,0.7,32,16,pop:sample:69
2,14,40,0.223155225333,6,1.09,0.43,0.4,0.26,393,0.234823851154,RETURNED,0.2,0.7,32,16,pop:sample:80
2,14,40,0.219396155216,7,1.15,0.38,0.39,0.38,393,0.220622402659,RETURNED,0.2,0.7,32,16,pop:sample:89
2,14,40,0.198393386003,8,1.71,0.71,0.41,0.6,437,0.217703333412,RETURNED,0.2,0.7,32,16,pop:sample:101
2,14,40,0.199039324621,9,1.28,0.57,0.4,0.31,433,0.200231264521,RETURNED,0.2,0.7,32,16,pop:sample:114
2,14,40,0.182550992417,10,3.69,1.96,0.4,1.32,419,0.185668485176,RETURNED,0.2,0.7,32,16,pop:sample:126
2,14,40,0.166873137751,11,1.51,0.82,0.41,0.28,418,0.168441704842,RETURNED,0.2,0.7,32,16,pop:sample:151
2,14,40,0.15728180551,12,1.66,0.53,0.43,0.7,431,0.162303843588,RETURNED,0.2,0.7,32,16,pop:sample:167
2,14,40,0.151155095398,13,1.86,0.38,0.4,1.07,433,0.155902931622,RETURNED,0.2,0.7,32,16,pop:sample:175
2,14,40,0.150799811893,14,2.07,1.21,0.41,0.45,428,0.151961579573,RETURNED,0.2,0.7,32,16,pop:sample:185
2,15,40,162.717300025,0,0.73,0.34,0.1,0.29,418,179.482450412,RETURNED,0.2,0.7,32,16,pop:sample:14
2,15,40,0.531680240021,1,0.93,0.35,0.3,0.29,421,0.652193937751,RETURNED,0.2,0.7,32,16,pop:sample:18
2,15,40,0.475714879982,2,1.53,0.34,0.36,0.82,405,0.503048884709,RETURNED,0.2,0.7,32,16,pop:sample:27
2,15,40,0.384246896213,3,1.48,0.6,0.39,0.49,430,0.430720834483,RETURNED,0.2,0.7,32,16,pop:sample:37
2,15,40,0.331142716599,4,1.85,0.83,0.39,0.63,439,0.34037257123,RETURNED,0.2,0.7,32,16,pop:sample:47
2,15,40,0.303660006198,5,1.45,0.3,0.4,0.75,420,0.318122014635,RETURNED,0.2,0.7,32,16,pop:sample:57
2,15,40,0.279272267176,6,1.32,0.3,0.41,0.62,436,0.285757598585,RETURNED,0.2,0.7,32,16,pop:sample:63
2,15,40,0.262799692239,7,1.32,0.41,0.39,0.52,406,0.265086283616,RETURNED,0.2,0.7,32,16,pop:sample:67
2,15,40,0.246109084309,8,1.23,0.52,0.41,0.3,422,0.253726051481,RETURNED,0.2,0.7,32,16,pop:sample:74
2,15,40,0.235277891698,9,1.1,0.41,0.39,0.31,406,0.235277891698,RETURNED,0.2,0.7,32,16,pop:sample:77
2,15,40,0.224426219372,10,1.29,0.59,0.4,0.3,428,0.233164925245,RETURNED,0.2,0.7,32,16,pop:sample:79
2,15,40,0.219819817972,11,1.35,0.42,0.4,0.54,426,0.220226910845,RETURNED,0.2,0.7,32,16,pop:sample:90
2,15,40,0.212888862534,12,1.25,0.54,0.39,0.32,423,0.213303165034,RETURNED,0.2,0.7,32,16,pop:sample:105
2,15,40,0.197394456108,13,3.29,2.21,0.4,0.68,435,0.197561401795,RETURNED,0.2,0.7,32,16,pop:sample:116
2,15,40,0.189439571721,14,1.29,0.49,0.4,0.4,423,0.189439571721,RETURNED,0.2,0.7,32,16,pop:sample:139
