0,124.35,2.07
0,0,40,0.26046079188,0,3.8,3.34,0.29,0.17,266,0.271127900038,RETURNED,0.229505995054,0.596647345746,15,24,pop:sample:86
0,0,40,0.264820287325,1,0.83,0.16,0.28,0.38,271,0.264820287325,RETURNED,0.229505995054,0.596647345746,15,24,pop:sample:106
0,0,40,0.256711965586,2,1.04,0.2,0.28,0.55,244,0.258096892691,RETURNED,0.229505995054,0.596647345746,15,24,pop:sample:119
0,0,40,0.249636836729,3,0.54,0.16,0.27,0.11,251,0.254609365602,RETURNED,0.229505995054,0.596647345746,15,24,pop:sample:134
0,0,40,0.243710650312,4,0.59,0.14,0.28,0.17,269,0.243930765643,RETURNED,0.229505995054,0.596647345746,15,24,pop:sample:144
0,0,40,0.232865498185,5,0.63,0.19,0.27,0.17,231,0.23321683387,RETURNED,0.229505995054,0.596647345746,15,24,pop:sample:155
0,0,40,0.240730798389,6,0.93,0.25,0.29,0.39,257,0.240730798389,RETURNED,0.229505995054,0.596647345746,15,24,pop:sample:161
0,0,40,0.229251614077,7,1.32,0.51,0.28,0.52,272,0.22941871141,RETURNED,0.229505995054,0.596647345746,15,24,pop:sample:173
0,0,40,0.230672495693,8,0.61,0.12,0.3,0.19,255,0.230672495693,RETURNED,0.229505995054,0.596647345746,15,24,pop:sample:191
0,0,40,0.213158703173,9,0.96,0.23,0.28,0.45,248,0.213866246616,RETURNED,0.229505995054,0.596647345746,15,24,pop:sample:197
0,0,40,0.212750978344,10,0.92,0.26,0.28,0.37,267,0.212750978344,RETURNED,0.229505995054,0.596647345746,15,24,pop:sample:208
0,0,40,0.208087107666,11,0.71,0.34,0.28,0.1,253,0.209584282215,RETURNED,0.229505995054,0.596647345746,15,24,pop:sample:224
0,0,40,0.196085134597,12,2.09,1.22,0.28,0.58,260,0.196085134597,RETURNED,0.229505995054,0.596647345746,15,24,pop:sample:236
0,0,40,0.186969796109,13,0.92,0.35,0.28,0.29,260,0.186969796109,RETURNED,0.229505995054,0.596647345746,15,24,pop:sample:255
0,0,40,0.174887737594,14,1.0,0.25,0.27,0.48,222,0.180952987065,RETURNED,0.229505995054,0.596647345746,15,24,pop:sample:274
0,0,40,0.170926838963,15,1.52,0.34,0.28,0.9,253,0.171818063097,RETURNED,0.229505995054,0.596647345746,15,24,pop:sample:290
0,0,40,0.16698956364,16,0.77,0.28,0.28,0.21,248,0.166992889006,RETURNED,0.229505995054,0.596647345746,15,24,pop:sample:311
0,0,40,0.157212773357,17,0.74,0.31,0.3,0.14,256,0.157212773357,RETURNED,0.229505995054,0.596647345746,15,24,pop:sample:319
0,0,40,0.157389756433,18,0.85,0.42,0.29,0.14,271,0.158250488338,RETURNED,0.229505995054,0.596647345746,15,24,pop:sample:331
0,0,40,0.154403270466,19,1.35,0.88,0.28,0.2,243,0.155078104173,RETURNED,0.229505995054,0.596647345746,15,24,pop:sample:351
0,0,40,0.154611038825,20,1.03,0.59,0.28,0.15,248,0.155078104173,RETURNED,0.229505995054,0.596647345746,15,24,pop:sample:366
0,0,40,0.147523946092,21,1.16,0.72,0.29,0.16,260,0.148541131641,RETURNED,0.229505995054,0.596647345746,15,24,pop:sample:381
0,0,40,0.149011627317,22,0.67,0.23,0.28,0.16,252,0.150582008413,RETURNED,0.229505995054,0.596647345746,15,24,pop:sample:400
0,0,40,0.145259265018,23,0.73,0.21,0.28,0.24,246,0.147523946092,RETURNED,0.229505995054,0.596647345746,15,24,pop:sample:410
0,0,40,0.145649353332,24,0.66,0.16,0.29,0.21,266,0.145649353332,RETURNED,0.229505995054,0.596647345746,15,24,pop:sample:424
0,0,40,0.145259265018,25,0.98,0.21,0.28,0.5,246,0.145259265018,RETURNED,0.229505995054,0.596647345746,15,24,pop:sample:431
0,0,40,0.141604950473,26,0.62,0.24,0.28,0.11,236,0.141604950473,RETURNED,0.229505995054,0.596647345746,15,24,pop:sample:449
0,0,40,0.139490002037,27,0.83,0.14,0.27,0.42,242,0.139490002037,RETURNED,0.229505995054,0.596647345746,15,24,pop:sample:456
0,0,40,0.138940985892,28,1.25,0.53,0.28,0.43,243,0.138940985892,RETURNED,0.229505995054,0.596647345746,15,24,pop:sample:469
0,0,40,0.134919372579,29,1.13,0.65,0.27,0.21,225,0.137333724384,RETURNED,0.229505995054,0.596647345746,15,24,pop:sample:489
0,0,40,0.135408676362,30,0.67,0.24,0.29,0.14,264,0.136726854665,RETURNED,0.229505995054,0.596647345746,15,24,pop:sample:505
0,0,40,0.134321196764,31,0.58,0.14,0.29,0.15,270,0.134400404229,RETURNED,0.229505995054,0.596647345746,15,24,pop:sample:518
0,0,40,0.129319541473,32,0.79,0.31,0.28,0.2,250,0.134105718243,RETURNED,0.229505995054,0.596647345746,15,24,pop:sample:525
0,0,40,0.128111354443,33,0.62,0.16,0.28,0.19,257,0.129319541473,RETURNED,0.229505995054,0.596647345746,15,24,pop:sample:539
0,0,40,0.129319541473,34,0.68,0.2,0.29,0.19,260,0.129319541473,RETURNED,0.229505995054,0.596647345746,15,24,pop:sample:553
0,0,40,0.128111354443,35,0.68,0.22,0.28,0.17,244,0.128111354443,RETURNED,0.229505995054,0.596647345746,15,24,pop:sample:567
0,0,40,0.127530850493,36,0.91,0.12,0.29,0.51,243,0.127530850493,RETURNED,0.229505995054,0.596647345746,15,24,pop:sample:578
0,0,40,0.127474142219,37,0.71,0.29,0.29,0.14,229,0.127474142219,RETURNED,0.229505995054,0.596647345746,15,24,pop:sample:583
0,0,40,0.127169702892,38,1.26,0.4,0.31,0.56,237,0.127169702892,RETURNED,0.229505995054,0.596647345746,15,24,pop:sample:597
0,0,40,0.123867201414,39,0.52,0.14,0.27,0.11,240,0.125453499123,RETURNED,0.229505995054,0.596647345746,15,24,pop:sample:609
0,0,40,0.125925241957,40,0.99,0.5,0.29,0.21,251,0.125925241957,RETURNED,0.229505995054,0.596647345746,15,24,pop:sample:615
0,0,40,0.122665519879,41,0.89,0.26,0.28,0.35,262,0.122665519879,RETURNED,0.229505995054,0.596647345746,15,24,pop:sample:629
0,0,40,0.120665890783,42,0.6,0.19,0.28,0.13,247,0.120665890783,RETURNED,0.229505995054,0.596647345746,15,24,pop:sample:637
0,0,40,0.118826236766,43,0.69,0.22,0.28,0.19,254,0.118887709282,RETURNED,0.229505995054,0.596647345746,15,24,pop:sample:646
0,0,40,0.11766187044,44,0.91,0.5,0.27,0.13,232,0.11766187044,RETURNED,0.229505995054,0.596647345746,15,24,pop:sample:655
0,0,40,0.115109755954,45,0.62,0.21,0.29,0.12,275,0.115109755954,RETURNED,0.229505995054,0.596647345746,15,24,pop:sample:662
0,0,40,0.108287826364,46,0.64,0.22,0.28,0.14,246,0.109318453076,RETURNED,0.229505995054,0.596647345746,15,24,pop:sample:671
0,0,40,0.107995531979,47,0.8,0.22,0.28,0.3,245,0.107995531979,RETURNED,0.229505995054,0.596647345746,15,24,pop:sample:681
0,0,40,0.106448933518,48,0.7,0.16,0.28,0.27,234,0.106448933518,RETURNED,0.229505995054,0.596647345746,15,24,pop:sample:688
0,0,40,0.104250714368,49,0.65,0.25,0.29,0.11,249,0.105292044961,RETURNED,0.229505995054,0.596647345746,15,24,pop:sample:696
0,1,40,0.262829149139,0,4.25,3.55,0.42,0.27,384,0.277413574496,RETURNED,0.613415400451,0.484930383648,19,25,pop:sample:85
0,1,40,0.284034760331,1,1.15,0.26,0.43,0.46,388,0.26046079188,RETURNED,0.613415400451,0.484930383648,19,25,pop:sample:114
0,1,40,0.241319907985,2,1.6,1.01,0.44,0.16,404,0.247432036067,RETURNED,0.613415400451,0.484930383648,19,25,pop:sample:131
0,1,40,0.236710289358,3,0.89,0.28,0.42,0.19,385,0.238058793636,RETURNED,0.613415400451,0.484930383648,19,25,pop:sample:158
0,1,40,0.226620200734,4,0.84,0.23,0.42,0.19,378,0.232865498185,RETURNED,0.613415400451,0.484930383648,19,25,pop:sample:162
0,1,40,0.224389947218,5,1.48,0.41,0.43,0.63,401,0.231427864985,RETURNED,0.613415400451,0.484930383648,19,25,pop:sample:176
0,1,40,0.218042604753,6,1.32,0.35,0.44,0.53,413,0.217701792607,RETURNED,0.613415400451,0.484930383648,19,25,pop:sample:194
0,1,40,0.22065751753,7,1.08,0.47,0.45,0.15,415,0.213339812903,RETURNED,0.613415400451,0.484930383648,19,25,pop:sample:211
0,1,40,0.197091572741,8,1.52,0.5,0.43,0.6,403,0.203361432657,RETURNED,0.613415400451,0.484930383648,19,25,pop:sample:227
0,1,40,0.20891307256,9,0.73,0.16,0.43,0.14,381,0.199589872745,RETURNED,0.613415400451,0.484930383648,19,25,pop:sample:246
0,1,40,0.187248362578,10,0.97,0.3,0.45,0.22,410,0.194786985964,RETURNED,0.613415400451,0.484930383648,19,25,pop:sample:251
0,1,40,0.189547280588,11,1.24,0.22,0.44,0.58,404,0.186969796109,RETURNED,0.613415400451,0.484930383648,19,25,pop:sample:266
0,1,40,0.184909589522,12,0.88,0.22,0.43,0.23,392,0.171818063097,RETURNED,0.613415400451,0.484930383648,19,25,pop:sample:288
0,1,40,0.163772689655,13,2.39,1.4,0.45,0.54,392,0.168896377458,RETURNED,0.613415400451,0.484930383648,19,25,pop:sample:301
0,1,40,0.1562673197,14,1.52,0.31,0.44,0.77,390,0.155078104173,RETURNED,0.613415400451,0.484930383648,19,25,pop:sample:335
0,1,40,0.15489219653,15,0.98,0.4,0.44,0.14,388,0.155078104173,RETURNED,0.613415400451,0.484930383648,19,25,pop:sample:360
0,1,40,0.152648132152,16,0.76,0.2,0.44,0.12,396,0.154403270466,RETURNED,0.613415400451,0.484930383648,19,25,pop:sample:373
0,1,40,0.153346439383,17,1.19,0.54,0.44,0.21,408,0.15191189387,RETURNED,0.613415400451,0.484930383648,19,25,pop:sample:386
0,1,40,0.151506705231,18,1.61,1.02,0.43,0.16,395,0.15191189387,RETURNED,0.613415400451,0.484930383648,19,25,pop:sample:408
0,1,40,0.145953286546,19,1.42,0.18,0.45,0.78,406,0.146258563169,RETURNED,0.613415400451,0.484930383648,19,25,pop:sample:429
0,1,40,0.140297553783,20,1.81,0.87,0.44,0.5,395,0.145649353332,RETURNED,0.613415400451,0.484930383648,19,25,pop:sample:453
0,1,40,0.140371977807,21,0.89,0.16,0.43,0.29,394,0.138772764855,RETURNED,0.613415400451,0.484930383648,19,25,pop:sample:481
0,1,40,0.135332849166,22,1.84,0.78,0.44,0.63,404,0.137110998692,RETURNED,0.613415400451,0.484930383648,19,25,pop:sample:496
0,1,40,0.153473417761,23,1.37,0.74,0.44,0.19,399,0.135557193753,RETURNED,0.613415400451,0.484930383648,19,25,pop:sample:521
0,1,40,0.134065351966,24,0.99,0.19,0.44,0.36,409,0.134457507984,RETURNED,0.613415400451,0.484930383648,19,25,pop:sample:547
0,1,40,0.129316349425,25,1.76,0.96,0.45,0.35,378,0.129319541473,RETURNED,0.613415400451,0.484930383648,19,25,pop:sample:568
0,1,40,0.126002099692,26,0.98,0.36,0.46,0.16,416,0.126002099692,RETURNED,0.613415400451,0.484930383648,19,25,pop:sample:585
0,1,40,0.123539404445,27,1.4,0.23,0.5,0.67,390,0.127474142219,RETURNED,0.613415400451,0.484930383648,19,25,pop:sample:601
0,1,40,0.11766187044,28,0.98,0.22,0.44,0.33,392,0.1219201181,RETURNED,0.613415400451,0.484930383648,19,25,pop:sample:612
0,1,40,0.122665519879,29,0.98,0.35,0.44,0.19,391,0.122665519879,RETURNED,0.613415400451,0.484930383648,19,25,pop:sample:625
0,1,40,0.123009901326,30,0.8,0.19,0.43,0.19,382,0.12235593004,RETURNED,0.613415400451,0.484930383648,19,25,pop:sample:636
0,1,40,0.112016547888,31,1.53,0.77,0.43,0.33,393,0.11766187044,RETURNED,0.613415400451,0.484930383648,19,25,pop:sample:648
0,1,40,0.111588490956,32,1.05,0.2,0.43,0.42,386,0.111588490956,RETURNED,0.613415400451,0.484930383648,19,25,pop:sample:666
0,1,40,0.108139426732,33,0.86,0.27,0.43,0.16,388,0.108139426732,RETURNED,0.613415400451,0.484930383648,19,25,pop:sample:678
0,1,40,0.102229460558,34,0.99,0.32,0.43,0.24,389,0.102290211634,RETURNED,0.613415400451,0.484930383648,19,25,pop:sample:687
0,1,40,0.10635003423,35,0.93,0.29,0.47,0.17,388,0.106448933518,RETURNED,0.613415400451,0.484930383648,19,25,pop:sample:698
0,1,40,0.10410274174,36,0.88,0.17,0.43,0.28,396,0.10410274174,RETURNED,0.613415400451,0.484930383648,19,25,pop:sample:705
0,1,40,0.100516028917,37,1.09,0.18,0.43,0.48,390,0.10220079856,RETURNED,0.613415400451,0.484930383648,19,25,pop:sample:713
0,1,40,0.0995840203152,38,0.8,0.2,0.44,0.16,388,0.100516028917,RETURNED,0.613415400451,0.484930383648,19,25,pop:sample:721
0,1,40,0.0937331488482,39,1.17,0.54,0.46,0.17,383,0.0946744019801,RETURNED,0.613415400451,0.484930383648,19,25,pop:sample:728
0,1,40,0.0936653101283,40,1.06,0.38,0.48,0.21,392,0.094757180409,RETURNED,0.613415400451,0.484930383648,19,25,pop:sample:737
0,1,40,0.0937253759462,41,0.96,0.34,0.45,0.17,400,0.0916342943896,RETURNED,0.613415400451,0.484930383648,19,25,pop:sample:746
0,1,40,0.091494166011,42,1.13,0.43,0.46,0.25,405,0.0928228294241,RETURNED,0.613415400451,0.484930383648,19,25,pop:sample:751
0,1,40,0.0879932495204,43,0.77,0.19,0.45,0.13,396,0.0879932495204,RETURNED,0.613415400451,0.484930383648,19,25,pop:sample:760
0,1,40,0.0874000337835,44,1.06,0.36,0.45,0.24,402,0.0879932495204,RETURNED,0.613415400451,0.484930383648,19,25,pop:sample:764
0,1,40,0.0870040280306,45,1.05,0.44,0.43,0.18,379,0.0874000337835,RETURNED,0.613415400451,0.484930383648,19,25,pop:sample:768
0,1,40,0.114878080199,46,0.91,0.21,0.44,0.27,400,0.0879932495204,RETURNED,0.613415400451,0.484930383648,19,25,pop:sample:772
0,1,40,0.0842629284028,47,0.8,0.24,0.43,0.13,409,0.0858216614863,RETURNED,0.613415400451,0.484930383648,19,25,pop:sample:776
0,1,40,0.0890751918755,48,1.28,0.73,0.43,0.13,395,0.0842629284028,RETURNED,0.613415400451,0.484930383648,19,25,pop:sample:779
0,1,40,0.103455592547,49,0.93,0.3,0.44,0.19,407,0.0837382295421,RETURNED,0.613415400451,0.484930383648,19,25,pop:sample:782
0,2,40,0.350471832101,0,3.96,3.5,0.17,0.29,177,0.2883592936,RETURNED,0.951608921916,0.72029951249,20,8,pop:sample:87
0,2,40,0.357965086085,1,0.53,0.17,0.17,0.18,179,0.27589173541,RETURNED,0.951608921916,0.72029951249,20,8,pop:sample:109
0,2,40,0.336108633671,2,1.11,0.75,0.17,0.19,178,0.263257422172,RETURNED,0.951608921916,0.72029951249,20,8,pop:sample:118
0,2,40,0.347336669285,3,1.06,0.23,0.17,0.65,178,0.274655123046,RETURNED,0.951608921916,0.72029951249,20,8,pop:sample:135
0,2,40,0.314924483758,4,2.11,1.36,0.17,0.58,178,0.272197589541,RETURNED,0.951608921916,0.72029951249,20,8,pop:sample:153
0,2,40,0.287751450722,5,0.77,0.41,0.19,0.17,179,0.231149815994,RETURNED,0.951608921916,0.72029951249,20,8,pop:sample:178
0,2,40,0.312152163754,6,0.98,0.58,0.17,0.22,178,0.243100312486,RETURNED,0.951608921916,0.72029951249,20,8,pop:sample:189
0,2,40,0.347566659423,7,0.92,0.24,0.17,0.5,179,0.240218719162,RETURNED,0.951608921916,0.72029951249,20,8,pop:sample:199
0,2,40,0.310889539594,8,1.26,0.49,0.17,0.59,179,0.233487958793,RETURNED,0.951608921916,0.72029951249,20,8,pop:sample:212
0,2,40,0.292735099169,9,2.23,0.82,0.17,1.24,180,0.220166561081,RETURNED,0.951608921916,0.72029951249,20,8,pop:sample:229
0,2,40,0.271735767547,10,1.03,0.48,0.17,0.39,178,0.186969796109,RETURNED,0.951608921916,0.72029951249,20,8,pop:sample:254
0,2,40,0.275703307613,11,0.84,0.23,0.18,0.44,177,0.17372604309,RETURNED,0.951608921916,0.72029951249,20,8,pop:sample:270
0,2,40,0.26327175731,12,1.32,0.75,0.17,0.39,179,0.176757389714,RETURNED,0.951608921916,0.72029951249,20,8,pop:sample:287
0,2,40,0.255316465785,13,1.21,0.42,0.17,0.62,178,0.186370214456,RETURNED,0.951608921916,0.72029951249,20,8,pop:sample:307
0,2,40,0.275903903755,14,0.83,0.41,0.17,0.25,176,0.192720758554,RETURNED,0.951608921916,0.72029951249,20,8,pop:sample:320
0,2,40,0.261333824038,15,0.74,0.32,0.17,0.25,174,0.169594123271,RETURNED,0.951608921916,0.72029951249,20,8,pop:sample:333
0,2,40,0.302158172354,16,1.07,0.17,0.17,0.73,178,0.183270206614,RETURNED,0.951608921916,0.72029951249,20,8,pop:sample:350
0,2,40,0.228741765529,17,1.46,1.1,0.17,0.18,179,0.154537369663,RETURNED,0.951608921916,0.72029951249,20,8,pop:sample:363
0,2,40,0.230871716757,18,1.07,0.68,0.17,0.22,177,0.148541131641,RETURNED,0.951608921916,0.72029951249,20,8,pop:sample:383
0,2,40,0.19376944013,19,1.2,0.87,0.17,0.16,175,0.151306744127,RETURNED,0.951608921916,0.72029951249,20,8,pop:sample:402
0,2,40,0.257506948346,20,1.15,0.31,0.18,0.66,179,0.151724213486,RETURNED,0.951608921916,0.72029951249,20,8,pop:sample:420
0,2,40,0.253606054072,21,1.1,0.31,0.18,0.62,178,0.143298585741,RETURNED,0.951608921916,0.72029951249,20,8,pop:sample:433
0,2,40,0.244638576338,22,0.55,0.2,0.18,0.18,177,0.171185992339,RETURNED,0.951608921916,0.72029951249,20,8,pop:sample:455
0,2,40,0.242388221164,23,0.99,0.23,0.18,0.59,176,0.144794313832,RETURNED,0.951608921916,0.72029951249,20,8,pop:sample:464
0,2,40,0.240582056075,24,1.5,0.5,0.18,0.82,177,0.153906659095,RETURNED,0.951608921916,0.72029951249,20,8,pop:sample:477
0,2,40,0.248840978108,25,0.88,0.48,0.18,0.22,176,0.157989670955,RETURNED,0.951608921916,0.72029951249,20,8,pop:sample:501
0,2,40,0.246535471381,26,1.21,0.55,0.18,0.48,179,0.136554934126,RETURNED,0.951608921916,0.72029951249,20,8,pop:sample:517
0,2,40,0.242577307525,27,0.7,0.23,0.17,0.3,177,0.134105718243,RETURNED,0.951608921916,0.72029951249,20,8,pop:sample:536
0,2,40,0.229610707279,28,0.61,0.21,0.17,0.24,176,0.134259195454,RETURNED,0.951608921916,0.72029951249,20,8,pop:sample:548
0,2,40,0.211149505113,29,0.74,0.39,0.18,0.17,179,0.149853834589,RETURNED,0.951608921916,0.72029951249,20,8,pop:sample:561
0,2,40,0.266784883759,30,1.76,1.23,0.18,0.36,178,0.145437393343,RETURNED,0.951608921916,0.72029951249,20,8,pop:sample:575
0,2,40,0.216588088857,31,1.28,0.64,0.2,0.44,177,0.127474142219,RETURNED,0.951608921916,0.72029951249,20,8,pop:sample:593
0,2,40,0.189698668785,32,1.44,0.98,0.17,0.29,178,0.125925241957,RETURNED,0.951608921916,0.72029951249,20,8,pop:sample:608
0,2,40,0.26472364448,33,1.17,0.64,0.18,0.35,174,0.122443217239,RETURNED,0.951608921916,0.72029951249,20,8,pop:sample:624
0,2,40,0.239282926933,34,1.02,0.2,0.18,0.65,180,0.153391954009,RETURNED,0.951608921916,0.72029951249,20,8,pop:sample:640
0,2,40,0.244333268906,35,1.08,0.65,0.17,0.26,178,0.11766187044,RETURNED,0.951608921916,0.72029951249,20,8,pop:sample:654
0,2,40,0.258818875939,36,0.83,0.51,0.17,0.15,176,0.117824034507,RETURNED,0.951608921916,0.72029951249,20,8,pop:sample:665
0,2,40,0.182384367732,37,0.92,0.37,0.17,0.38,178,0.110453231007,RETURNED,0.951608921916,0.72029951249,20,8,pop:sample:675
0,2,40,0.218251573085,38,0.62,0.23,0.17,0.22,176,0.109539545082,RETURNED,0.951608921916,0.72029951249,20,8,pop:sample:684
0,2,40,0.268680720221,39,0.75,0.35,0.17,0.22,180,0.108139426732,RETURNED,0.951608921916,0.72029951249,20,8,pop:sample:692
0,2,40,0.210887122618,40,0.95,0.47,0.18,0.31,175,0.102421293056,RETURNED,0.951608921916,0.72029951249,20,8,pop:sample:699
0,2,40,0.2025051869,41,0.77,0.31,0.17,0.29,178,0.105184793635,RETURNED,0.951608921916,0.72029951249,20,8,pop:sample:706
0,2,40,0.234144512581,42,1.17,0.4,0.17,0.6,180,0.102290211634,RETURNED,0.951608921916,0.72029951249,20,8,pop:sample:714
0,2,40,0.222840526114,43,0.77,0.24,0.17,0.36,178,0.136655926018,RETURNED,0.951608921916,0.72029951249,20,8,pop:sample:724
0,2,40,0.199730371612,44,0.86,0.51,0.19,0.16,179,0.0976638414214,RETURNED,0.951608921916,0.72029951249,20,8,pop:sample:729
0,2,40,0.23644675663,45,0.61,0.19,0.18,0.24,178,0.0916342943896,RETURNED,0.951608921916,0.72029951249,20,8,pop:sample:735
0,2,40,0.165701643517,46,0.51,0.19,0.18,0.14,174,0.0969487441569,RETURNED,0.951608921916,0.72029951249,20,8,pop:sample:743
0,2,40,0.212803571621,47,1.37,0.84,0.18,0.36,178,0.0929711075003,RETURNED,0.951608921916,0.72029951249,20,8,pop:sample:744
0,2,40,0.156697972706,48,0.6,0.26,0.18,0.17,178,0.0907188396194,RETURNED,0.951608921916,0.72029951249,20,8,pop:sample:754
0,2,40,0.207757767544,49,0.57,0.24,0.17,0.16,177,0.0916342943896,RETURNED,0.951608921916,0.72029951249,20,8,pop:sample:756
0,3,40,0.265120483058,0,4.29,3.58,0.3,0.41,100,0.271127900038,RETURNED,0.0206728898011,0.15173173243,24,20,pop:sample:88
0,3,40,0.257860377152,1,1.41,0.32,0.29,0.81,95,0.259344207967,RETURNED,0.0206728898011,0.15173173243,24,20,pop:sample:116
0,3,40,0.24505693615,2,2.56,1.02,0.29,1.24,114,0.24505693615,RETURNED,0.0206728898011,0.15173173243,24,20,pop:sample:138
0,3,40,0.231068477758,3,1.03,0.36,0.29,0.37,90,0.231068477758,RETURNED,0.0206728898011,0.15173173243,24,20,pop:sample:170
0,3,40,0.214102661305,4,1.6,0.78,0.3,0.53,97,0.214102661305,RETURNED,0.0206728898011,0.15173173243,24,20,pop:sample:183
0,3,40,0.213287555655,5,1.57,0.7,0.3,0.58,97,0.213287555655,RETURNED,0.0206728898011,0.15173173243,24,20,pop:sample:205
0,3,40,0.20435654463,6,0.71,0.24,0.29,0.17,119,0.20435654463,RETURNED,0.0206728898011,0.15173173243,24,20,pop:sample:226
0,3,40,0.196523470657,7,2.1,1.26,0.29,0.54,119,0.196523470657,RETURNED,0.0206728898011,0.15173173243,24,20,pop:sample:240
0,3,40,0.18304843807,8,1.06,0.48,0.3,0.28,95,0.18304843807,RETURNED,0.0206728898011,0.15173173243,24,20,pop:sample:261
0,3,40,0.171503852497,9,1.51,0.92,0.3,0.29,117,0.171810361384,RETURNED,0.0206728898011,0.15173173243,24,20,pop:sample:278
0,3,40,0.171503852497,10,0.75,0.22,0.3,0.23,99,0.171503852497,RETURNED,0.0206728898011,0.15173173243,24,20,pop:sample:300
0,3,40,0.165604964414,11,1.98,0.93,0.29,0.76,87,0.165604964414,RETURNED,0.0206728898011,0.15173173243,24,20,pop:sample:310
0,3,40,0.155078104173,12,1.04,0.3,0.3,0.44,111,0.155078104173,RETURNED,0.0206728898011,0.15173173243,24,20,pop:sample:341
0,3,40,0.154676810599,13,1.04,0.54,0.29,0.21,103,0.154676810599,RETURNED,0.0206728898011,0.15173173243,24,20,pop:sample:355
0,3,40,0.153669689415,14,1.76,0.89,0.29,0.58,100,0.154210869172,RETURNED,0.0206728898011,0.15173173243,24,20,pop:sample:371
0,3,40,0.147572448662,15,0.82,0.28,0.31,0.23,115,0.147966222331,RETURNED,0.0206728898011,0.15173173243,24,20,pop:sample:395
0,3,40,0.146979215923,16,1.94,0.89,0.3,0.74,116,0.146979215923,RETURNED,0.0206728898011,0.15173173243,24,20,pop:sample:412
0,3,40,0.140717625831,17,1.17,0.27,0.29,0.61,101,0.142369132253,RETURNED,0.0206728898011,0.15173173243,24,20,pop:sample:439
0,3,40,0.139617840236,18,0.82,0.3,0.31,0.2,115,0.140371977807,RETURNED,0.0206728898011,0.15173173243,24,20,pop:sample:458
0,3,40,0.139490002037,19,1.23,0.71,0.31,0.21,123,0.139490002037,RETURNED,0.0206728898011,0.15173173243,24,20,pop:sample:470
0,3,40,0.137333724384,20,1.07,0.28,0.29,0.5,108,0.137333724384,RETURNED,0.0206728898011,0.15173173243,24,20,pop:sample:491
0,3,40,0.134105718243,21,1.66,0.29,0.29,1.08,104,0.134105718243,RETURNED,0.0206728898011,0.15173173243,24,20,pop:sample:509
0,3,40,0.134105718243,22,0.91,0.33,0.31,0.27,116,0.134105718243,RETURNED,0.0206728898011,0.15173173243,24,20,pop:sample:535
0,3,40,0.128111354443,23,1.08,0.54,0.31,0.23,106,0.128111354443,RETURNED,0.0206728898011,0.15173173243,24,20,pop:sample:551
0,3,40,0.128111354443,24,1.45,0.28,0.31,0.86,110,0.128111354443,RETURNED,0.0206728898011,0.15173173243,24,20,pop:sample:571
0,3,40,0.127474142219,25,0.77,0.26,0.3,0.22,100,0.127474142219,RETURNED,0.0206728898011,0.15173173243,24,20,pop:sample:589
0,3,40,0.127474142219,26,0.85,0.32,0.35,0.18,121,0.127474142219,RETURNED,0.0206728898011,0.15173173243,24,20,pop:sample:599
0,3,40,0.125397754406,27,0.96,0.26,0.29,0.4,101,0.125397754406,RETURNED,0.0206728898011,0.15173173243,24,20,pop:sample:606
0,3,40,0.124630912205,28,1.86,0.86,0.3,0.71,111,0.125068152993,RETURNED,0.0206728898011,0.15173173243,24,20,pop:sample:617
0,3,40,0.11766187044,29,0.83,0.32,0.3,0.2,120,0.11766187044,RETURNED,0.0206728898011,0.15173173243,24,20,pop:sample:641
0,3,40,0.110041084378,30,1.69,0.8,0.29,0.6,108,0.116187306523,RETURNED,0.0206728898011,0.15173173243,24,20,pop:sample:652
0,3,40,0.108139426732,31,0.96,0.37,0.29,0.29,119,0.108139426732,RETURNED,0.0206728898011,0.15173173243,24,20,pop:sample:669
0,3,40,0.106045921644,32,1.14,0.58,0.31,0.26,105,0.106448933518,RETURNED,0.0206728898011,0.15173173243,24,20,pop:sample:682
0,3,40,0.105184793635,33,1.01,0.49,0.3,0.21,90,0.105184793635,RETURNED,0.0206728898011,0.15173173243,24,20,pop:sample:694
0,3,40,0.102290211634,34,0.94,0.46,0.3,0.19,110,0.102290211634,RETURNED,0.0206728898011,0.15173173243,24,20,pop:sample:703
0,3,40,0.102290211634,35,0.79,0.3,0.3,0.19,101,0.102290211634,RETURNED,0.0206728898011,0.15173173243,24,20,pop:sample:710
0,3,40,0.0995333473759,36,0.74,0.23,0.3,0.21,108,0.0995333473759,RETURNED,0.0206728898011,0.15173173243,24,20,pop:sample:716
0,3,40,0.0947008487768,37,0.87,0.23,0.3,0.34,107,0.0966221295818,RETURNED,0.0206728898011,0.15173173243,24,20,pop:sample:720
0,3,40,0.0947008487768,38,1.17,0.58,0.31,0.28,96,0.0947008487768,RETURNED,0.0206728898011,0.15173173243,24,20,pop:sample:730
0,3,40,0.0947008487768,39,0.87,0.37,0.32,0.18,96,0.0947008487768,RETURNED,0.0206728898011,0.15173173243,24,20,pop:sample:738
0,3,40,0.0916342943896,40,1.11,0.65,0.3,0.16,105,0.0916342943896,RETURNED,0.0206728898011,0.15173173243,24,20,pop:sample:745
0,3,40,0.0879932495204,41,0.93,0.33,0.3,0.3,115,0.0879932495204,RETURNED,0.0206728898011,0.15173173243,24,20,pop:sample:752
0,3,40,0.0879932495204,42,0.9,0.45,0.3,0.15,101,0.0879932495204,RETURNED,0.0206728898011,0.15173173243,24,20,pop:sample:758
0,3,40,0.0879932495204,43,0.71,0.22,0.3,0.18,96,0.0879932495204,RETURNED,0.0206728898011,0.15173173243,24,20,pop:sample:763
0,3,40,0.0879932495204,44,1.02,0.32,0.29,0.41,100,0.0879932495204,RETURNED,0.0206728898011,0.15173173243,24,20,pop:sample:766
0,3,40,0.0874000337835,45,1.29,0.54,0.29,0.45,94,0.0874000337835,RETURNED,0.0206728898011,0.15173173243,24,20,pop:sample:770
0,3,40,0.0866211005829,46,0.73,0.24,0.29,0.2,92,0.0866211005829,RETURNED,0.0206728898011,0.15173173243,24,20,pop:sample:774
0,3,40,0.0820543154764,47,1.51,0.9,0.28,0.33,82,0.0842629284028,RETURNED,0.0206728898011,0.15173173243,24,20,pop:sample:777
0,3,40,0.0820543154764,48,0.83,0.32,0.29,0.21,102,0.0820543154764,RETURNED,0.0206728898011,0.15173173243,24,20,pop:sample:783
0,3,40,0.0819945221874,49,0.77,0.24,0.3,0.23,110,0.0820543154764,RETURNED,0.0206728898011,0.15173173243,24,20,pop:sample:785
0,4,40,0.253547133895,0,5.75,4.88,0.61,0.26,653,0.263257422172,RETURNED,0.446499338803,0.834436795871,24,29,pop:sample:120
0,4,40,0.247179261129,1,2.0,0.25,0.63,1.11,653,0.251508197928,RETURNED,0.446499338803,0.834436795871,24,29,pop:sample:141
0,4,40,0.215214444969,2,1.32,0.21,0.61,0.5,632,0.231068477758,RETURNED,0.446499338803,0.834436795871,24,29,pop:sample:164
0,4,40,0.209071477477,3,2.33,0.84,0.63,0.86,683,0.215379503767,RETURNED,0.446499338803,0.834436795871,24,29,pop:sample:182
0,4,40,0.195212916205,4,1.41,0.62,0.63,0.16,671,0.213339812903,RETURNED,0.446499338803,0.834436795871,24,29,pop:sample:214
0,4,40,0.18304843807,5,2.38,1.39,0.62,0.37,637,0.198050078397,RETURNED,0.446499338803,0.834436795871,24,29,pop:sample:233
0,4,40,0.175859627037,6,1.47,0.41,0.62,0.44,652,0.177248122181,RETURNED,0.446499338803,0.834436795871,24,29,pop:sample:260
0,4,40,0.165998865772,7,1.33,0.2,0.63,0.5,644,0.171818063097,RETURNED,0.446499338803,0.834436795871,24,29,pop:sample:285
0,4,40,0.157212773357,8,1.11,0.23,0.63,0.25,663,0.165184782802,RETURNED,0.446499338803,0.834436795871,24,29,pop:sample:306
0,4,40,0.160458197612,9,1.44,0.41,0.63,0.39,668,0.160458197612,RETURNED,0.446499338803,0.834436795871,24,29,pop:sample:321
0,4,40,0.154210869172,10,1.35,0.3,0.62,0.43,641,0.155078104173,RETURNED,0.446499338803,0.834436795871,24,29,pop:sample:344
0,4,40,0.148541131641,11,1.08,0.23,0.63,0.23,666,0.15333475688,RETURNED,0.446499338803,0.834436795871,24,29,pop:sample:365
0,4,40,0.14741986074,12,1.26,0.3,0.64,0.32,653,0.148436833418,RETURNED,0.446499338803,0.834436795871,24,29,pop:sample:377
0,4,40,0.146258563169,13,1.17,0.33,0.63,0.21,666,0.147631089698,RETURNED,0.446499338803,0.834436795871,24,29,pop:sample:398
0,4,40,0.144145421278,14,1.53,0.47,0.62,0.44,661,0.145649353332,RETURNED,0.446499338803,0.834436795871,24,29,pop:sample:415
0,4,40,0.139524678134,15,1.73,0.89,0.62,0.22,660,0.140648420104,RETURNED,0.446499338803,0.834436795871,24,29,pop:sample:441
0,4,40,0.137038642262,16,1.13,0.26,0.65,0.23,652,0.138589207695,RETURNED,0.446499338803,0.834436795871,24,29,pop:sample:466
0,4,40,0.136726854665,17,1.68,0.28,0.64,0.76,651,0.13769684679,RETURNED,0.446499338803,0.834436795871,24,29,pop:sample:485
0,4,40,0.134594040146,18,1.26,0.43,0.62,0.2,662,0.134919372579,RETURNED,0.446499338803,0.834436795871,24,29,pop:sample:510
0,4,40,0.131106757646,19,1.63,0.71,0.62,0.29,653,0.134105718243,RETURNED,0.446499338803,0.834436795871,24,29,pop:sample:527
0,4,40,0.12594823754,20,2.06,0.42,0.63,1.01,645,0.12814208647,RETURNED,0.446499338803,0.834436795871,24,29,pop:sample:560
0,4,40,0.125397754406,21,2.16,0.31,0.65,1.2,647,0.127530850493,RETURNED,0.446499338803,0.834436795871,24,29,pop:sample:588
0,4,40,0.124202420332,22,1.0,0.2,0.62,0.18,640,0.125586118788,RETURNED,0.446499338803,0.834436795871,24,29,pop:sample:611
0,4,40,0.117824034507,23,1.56,0.66,0.64,0.26,660,0.122665519879,RETURNED,0.446499338803,0.834436795871,24,29,pop:sample:623
0,4,40,0.115168215732,24,1.27,0.49,0.62,0.17,656,0.116675500799,RETURNED,0.446499338803,0.834436795871,24,29,pop:sample:644
0,4,40,0.109318453076,25,1.17,0.39,0.62,0.16,668,0.118075442524,RETURNED,0.446499338803,0.834436795871,24,29,pop:sample:659
0,4,40,0.104506544263,26,1.39,0.3,0.62,0.46,653,0.108139426732,RETURNED,0.446499338803,0.834436795871,24,29,pop:sample:673
0,4,40,0.102421293056,27,1.11,0.28,0.62,0.21,649,0.105129733074,RETURNED,0.446499338803,0.834436795871,24,29,pop:sample:689
0,4,40,0.102116583023,28,1.21,0.31,0.63,0.27,648,0.103344298292,RETURNED,0.446499338803,0.834436795871,24,29,pop:sample:700
0,4,40,0.0947592826067,29,1.61,0.36,0.62,0.63,649,0.102290211634,RETURNED,0.446499338803,0.834436795871,24,29,pop:sample:709
0,4,40,0.0916342943896,30,1.08,0.22,0.62,0.24,663,0.0954340254672,RETURNED,0.446499338803,0.834436795871,24,29,pop:sample:722
0,4,40,0.0973605677401,31,1.1,0.23,0.67,0.2,654,0.0991967832128,RETURNED,0.446499338803,0.834436795871,24,29,pop:sample:733
0,4,40,0.0879932495204,32,1.64,0.29,0.66,0.68,663,0.0916342943896,RETURNED,0.446499338803,0.834436795871,24,29,pop:sample:742
0,4,40,0.091421488542,33,1.03,0.2,0.63,0.2,657,0.0916342943896,RETURNED,0.446499338803,0.834436795871,24,29,pop:sample:750
0,4,40,0.0971692692955,34,1.22,0.3,0.64,0.28,635,0.0982328187827,RETURNED,0.446499338803,0.834436795871,24,29,pop:sample:759
0,4,40,0.0866211005829,35,1.21,0.28,0.64,0.29,666,0.0879932495204,RETURNED,0.446499338803,0.834436795871,24,29,pop:sample:765
0,4,40,0.0863487646678,36,1.32,0.24,0.62,0.46,668,0.0879932495204,RETURNED,0.446499338803,0.834436795871,24,29,pop:sample:769
0,4,40,0.0835851238999,37,1.08,0.27,0.64,0.17,661,0.0863487646678,RETURNED,0.446499338803,0.834436795871,24,29,pop:sample:773
0,4,40,0.0837382295421,38,1.15,0.27,0.62,0.25,652,0.0841501498556,RETURNED,0.446499338803,0.834436795871,24,29,pop:sample:778
0,4,40,0.083577608258,39,1.51,0.39,0.63,0.49,647,0.0837382295421,RETURNED,0.446499338803,0.834436795871,24,29,pop:sample:781
0,4,40,0.0859369141195,40,1.17,0.38,0.62,0.17,662,0.0862011710567,RETURNED,0.446499338803,0.834436795871,24,29,pop:sample:786
0,4,40,0.0799569391695,41,1.01,0.23,0.61,0.17,639,0.0802324439034,RETURNED,0.446499338803,0.834436795871,24,29,pop:sample:788
0,4,40,0.0799893565084,42,1.32,0.55,0.62,0.15,657,0.0799893565084,RETURNED,0.446499338803,0.834436795871,24,29,pop:sample:790
0,4,40,0.0802659034497,43,1.45,0.47,0.62,0.35,638,0.0802659034497,RETURNED,0.446499338803,0.834436795871,24,29,pop:sample:792
0,4,40,0.0780703575384,44,1.41,0.28,0.61,0.52,658,0.0789076182591,RETURNED,0.446499338803,0.834436795871,24,29,pop:sample:794
0,4,40,0.0768919583021,45,1.46,0.46,0.62,0.38,664,0.0780703575384,RETURNED,0.446499338803,0.834436795871,24,29,pop:sample:796
0,4,40,0.0814897840075,46,1.09,0.3,0.61,0.18,650,0.0817985983652,RETURNED,0.446499338803,0.834436795871,24,29,pop:sample:797
0,4,40,0.078343135421,47,1.46,0.19,0.62,0.65,665,0.078343135421,RETURNED,0.446499338803,0.834436795871,24,29,pop:sample:798
0,4,40,0.0777838412769,48,1.63,0.82,0.62,0.19,669,0.0780703575384,RETURNED,0.446499338803,0.834436795871,24,29,pop:sample:799
0,4,40,0.0798296615345,49,1.16,0.37,0.62,0.18,648,0.0799569391695,RETURNED,0.446499338803,0.834436795871,24,29,pop:sample:800
0,5,40,0.31440621388,0,3.11,0.2,0.13,2.78,128,0.278241756684,RETURNED,0.794043946765,0.952118041288,13,9,pop:sample:89
0,5,40,0.342566636845,1,0.47,0.19,0.12,0.16,127,0.297530906247,RETURNED,0.794043946765,0.952118041288,13,9,pop:sample:99
0,5,40,0.284698994477,2,0.39,0.16,0.12,0.11,124,0.26979661457,RETURNED,0.794043946765,0.952118041288,13,9,pop:sample:105
0,5,40,0.31121411995,3,0.73,0.12,0.12,0.48,126,0.259344207967,RETURNED,0.794043946765,0.952118041288,13,9,pop:sample:113
0,5,40,0.283168702309,4,0.67,0.16,0.12,0.39,130,0.263257422172,RETURNED,0.794043946765,0.952118041288,13,9,pop:sample:125
0,5,40,0.3234276521,5,0.68,0.47,0.12,0.1,127,0.256279528872,RETURNED,0.794043946765,0.952118041288,13,9,pop:sample:133
0,5,40,0.263170816353,6,1.21,0.48,0.13,0.6,126,0.250823538933,RETURNED,0.794043946765,0.952118041288,13,9,pop:sample:145
0,5,40,0.267080335352,7,1.18,0.17,0.12,0.89,129,0.231068477758,RETURNED,0.794043946765,0.952118041288,13,9,pop:sample:160
0,5,40,0.265398062099,8,0.81,0.13,0.12,0.57,126,0.237963215534,RETURNED,0.794043946765,0.952118041288,13,9,pop:sample:175
0,5,40,0.245372151853,9,0.91,0.58,0.12,0.21,128,0.229305914876,RETURNED,0.794043946765,0.952118041288,13,9,pop:sample:185
0,5,40,0.290169383094,10,0.57,0.19,0.12,0.26,128,0.228459960664,RETURNED,0.794043946765,0.952118041288,13,9,pop:sample:195
0,5,40,0.237351100554,11,0.59,0.14,0.12,0.33,125,0.213339812903,RETURNED,0.794043946765,0.952118041288,13,9,pop:sample:204
0,5,40,0.222808614063,12,0.76,0.38,0.12,0.26,126,0.213287555655,RETURNED,0.794043946765,0.952118041288,13,9,pop:sample:213
0,5,40,0.256450181467,13,0.71,0.41,0.12,0.17,126,0.210483416205,RETURNED,0.794043946765,0.952118041288,13,9,pop:sample:222
0,5,40,0.217283313645,14,1.24,0.42,0.12,0.71,124,0.197290237737,RETURNED,0.794043946765,0.952118041288,13,9,pop:sample:234
0,5,40,0.222343324918,15,0.99,0.67,0.12,0.2,128,0.187797063995,RETURNED,0.794043946765,0.952118041288,13,9,pop:sample:247
0,5,40,0.223023963373,16,0.53,0.17,0.12,0.24,125,0.185522520002,RETURNED,0.794043946765,0.952118041288,13,9,pop:sample:257
0,5,40,0.221342124962,17,0.48,0.23,0.12,0.12,127,0.176854409902,RETURNED,0.794043946765,0.952118041288,13,9,pop:sample:267
0,5,40,0.216508206649,18,0.59,0.23,0.12,0.23,128,0.191052508545,RETURNED,0.794043946765,0.952118041288,13,9,pop:sample:277
0,5,40,0.259952929936,19,0.81,0.38,0.12,0.3,128,0.182990760319,RETURNED,0.794043946765,0.952118041288,13,9,pop:sample:286
0,5,40,0.171296195311,20,0.81,0.57,0.12,0.11,130,0.169145308919,RETURNED,0.794043946765,0.952118041288,13,9,pop:sample:298
0,5,40,0.193901485112,21,0.68,0.12,0.12,0.45,126,0.171503852497,RETURNED,0.794043946765,0.952118041288,13,9,pop:sample:308
0,5,40,0.167163321443,22,0.46,0.22,0.12,0.13,125,0.169312841968,RETURNED,0.794043946765,0.952118041288,13,9,pop:sample:315
0,5,40,0.218411410301,23,0.4,0.17,0.12,0.11,126,0.173178165308,RETURNED,0.794043946765,0.952118041288,13,9,pop:sample:323
0,5,40,0.164505799465,24,0.68,0.39,0.13,0.15,126,0.155078104173,RETURNED,0.794043946765,0.952118041288,13,9,pop:sample:332
0,5,40,0.182950235959,25,1.06,0.85,0.12,0.09,126,0.160600598698,RETURNED,0.794043946765,0.952118041288,13,9,pop:sample:345
0,5,40,0.206193320784,26,1.06,0.16,0.12,0.78,128,0.159235047319,RETURNED,0.794043946765,0.952118041288,13,9,pop:sample:358
0,5,40,0.217314041102,27,0.36,0.14,0.12,0.09,127,0.154210869172,RETURNED,0.794043946765,0.952118041288,13,9,pop:sample:372
0,5,40,0.223477454415,28,0.8,0.14,0.12,0.54,126,0.154676810599,RETURNED,0.794043946765,0.952118041288,13,9,pop:sample:376
0,5,40,0.155724223729,29,0.56,0.15,0.12,0.29,125,0.15191189387,RETURNED,0.794043946765,0.952118041288,13,9,pop:sample:391
0,5,40,0.18851143245,30,0.9,0.68,0.12,0.1,124,0.151306744127,RETURNED,0.794043946765,0.952118041288,13,9,pop:sample:405
0,5,40,0.192526179514,31,0.38,0.14,0.13,0.12,129,0.146258563169,RETURNED,0.794043946765,0.952118041288,13,9,pop:sample:416
0,5,40,0.194377272341,32,0.9,0.66,0.12,0.12,129,0.14741986074,RETURNED,0.794043946765,0.952118041288,13,9,pop:sample:426
0,5,40,0.245710535679,33,0.42,0.16,0.12,0.14,127,0.143897076407,RETURNED,0.794043946765,0.952118041288,13,9,pop:sample:435
0,5,40,0.20849196082,34,0.8,0.57,0.12,0.11,129,0.146662169359,RETURNED,0.794043946765,0.952118041288,13,9,pop:sample:444
0,5,40,0.164641509541,35,0.47,0.2,0.12,0.15,129,0.142814727697,RETURNED,0.794043946765,0.952118041288,13,9,pop:sample:457
0,5,40,0.158501812368,36,0.48,0.26,0.12,0.1,126,0.140371977807,RETURNED,0.794043946765,0.952118041288,13,9,pop:sample:465
0,5,40,0.167967454602,37,0.65,0.12,0.12,0.4,126,0.139617840236,RETURNED,0.794043946765,0.952118041288,13,9,pop:sample:471
0,5,40,0.182039318347,38,0.72,0.27,0.12,0.33,128,0.138709047809,RETURNED,0.794043946765,0.952118041288,13,9,pop:sample:484
0,5,40,0.21240332706,39,0.54,0.23,0.12,0.19,126,0.139490002037,RETURNED,0.794043946765,0.952118041288,13,9,pop:sample:495
0,5,40,0.135178670506,40,0.45,0.24,0.12,0.1,124,0.13609040062,RETURNED,0.794043946765,0.952118041288,13,9,pop:sample:500
0,5,40,0.189071739349,41,0.45,0.2,0.12,0.12,129,0.136423209327,RETURNED,0.794043946765,0.952118041288,13,9,pop:sample:506
0,5,40,0.144567783383,42,0.57,0.16,0.12,0.3,128,0.134703271922,RETURNED,0.794043946765,0.952118041288,13,9,pop:sample:516
0,5,40,0.216719183665,43,0.75,0.43,0.13,0.19,126,0.134105718243,RETURNED,0.794043946765,0.952118041288,13,9,pop:sample:522
0,5,40,0.176514012158,44,0.38,0.17,0.12,0.09,124,0.134023751781,RETURNED,0.794043946765,0.952118041288,13,9,pop:sample:538
0,5,40,0.205340504012,45,0.44,0.17,0.12,0.15,127,0.135024893208,RETURNED,0.794043946765,0.952118041288,13,9,pop:sample:543
0,5,40,0.138218527027,46,0.61,0.21,0.12,0.29,128,0.129319541473,RETURNED,0.794043946765,0.952118041288,13,9,pop:sample:556
0,5,40,0.178814350871,47,0.46,0.2,0.12,0.13,129,0.128111354443,RETURNED,0.794043946765,0.952118041288,13,9,pop:sample:565
0,5,40,0.171775323877,48,1.38,0.91,0.12,0.35,128,0.127589277245,RETURNED,0.794043946765,0.952118041288,13,9,pop:sample:574
0,5,40,0.153533879236,49,0.71,0.18,0.13,0.41,128,0.127748681146,RETURNED,0.794043946765,0.952118041288,13,9,pop:sample:586
0,6,40,0.26929792708,0,3.35,0.44,0.3,2.61,211,0.26929792708,RETURNED,0.278345300954,0.32818932385,18,22,pop:sample:90
0,6,40,0.264951164013,1,0.76,0.25,0.3,0.21,209,0.264951164013,RETURNED,0.278345300954,0.32818932385,18,22,pop:sample:100
0,6,40,0.254609365602,2,1.6,0.6,0.3,0.69,227,0.254609365602,RETURNED,0.278345300954,0.32818932385,18,22,pop:sample:115
0,6,40,0.247332607223,3,0.74,0.19,0.32,0.23,228,0.247332607223,RETURNED,0.278345300954,0.32818932385,18,22,pop:sample:139
0,6,40,0.231427864985,4,1.96,1.23,0.3,0.43,211,0.231427864985,RETURNED,0.278345300954,0.32818932385,18,22,pop:sample:150
0,6,40,0.222811751122,5,1.47,0.58,0.32,0.57,239,0.227266172236,RETURNED,0.278345300954,0.32818932385,18,22,pop:sample:174
0,6,40,0.212652933754,6,1.38,0.31,0.31,0.76,230,0.217701792607,RETURNED,0.278345300954,0.32818932385,18,22,pop:sample:192
0,6,40,0.211469213252,7,0.8,0.21,0.31,0.28,223,0.213287555655,RETURNED,0.278345300954,0.32818932385,18,22,pop:sample:210
0,6,40,0.20435654463,8,1.68,0.58,0.3,0.8,194,0.20435654463,RETURNED,0.278345300954,0.32818932385,18,22,pop:sample:223
0,6,40,0.193881344506,9,1.44,0.75,0.32,0.37,254,0.194732667896,RETURNED,0.278345300954,0.32818932385,18,22,pop:sample:245
0,6,40,0.171818063097,10,0.92,0.31,0.3,0.31,210,0.18304843807,RETURNED,0.278345300954,0.32818932385,18,22,pop:sample:263
0,6,40,0.169312841968,11,0.94,0.17,0.3,0.47,214,0.171818063097,RETURNED,0.278345300954,0.32818932385,18,22,pop:sample:279
0,6,40,0.167746455136,12,0.63,0.16,0.3,0.17,217,0.169312841968,RETURNED,0.278345300954,0.32818932385,18,22,pop:sample:294
0,6,40,0.162951752519,13,1.93,1.32,0.33,0.28,214,0.169312841968,RETURNED,0.278345300954,0.32818932385,18,22,pop:sample:302
0,6,40,0.164902015633,14,0.69,0.2,0.3,0.2,197,0.164902015633,RETURNED,0.278345300954,0.32818932385,18,22,pop:sample:329
0,6,40,0.163671476434,15,1.35,0.28,0.31,0.76,223,0.163671476434,RETURNED,0.278345300954,0.32818932385,18,22,pop:sample:342
0,6,40,0.154973279495,16,1.9,1.16,0.31,0.43,251,0.155078104173,RETURNED,0.278345300954,0.32818932385,18,22,pop:sample:359
0,6,40,0.153496290484,17,0.76,0.15,0.32,0.29,214,0.154033246824,RETURNED,0.278345300954,0.32818932385,18,22,pop:sample:388
0,6,40,0.147523946092,18,0.73,0.27,0.31,0.16,227,0.147523946092,RETURNED,0.278345300954,0.32818932385,18,22,pop:sample:399
0,6,40,0.14624906162,19,0.69,0.19,0.3,0.19,240,0.147523946092,RETURNED,0.278345300954,0.32818932385,18,22,pop:sample:411
0,6,40,0.142369132253,20,1.34,0.6,0.3,0.43,217,0.143382471915,RETURNED,0.278345300954,0.32818932385,18,22,pop:sample:425
0,6,40,0.144683364436,21,0.65,0.21,0.31,0.14,233,0.144683364436,RETURNED,0.278345300954,0.32818932385,18,22,pop:sample:442
0,6,40,0.140825226469,22,1.54,0.9,0.32,0.32,222,0.140825226469,RETURNED,0.278345300954,0.32818932385,18,22,pop:sample:451
0,6,40,0.138094444811,23,0.88,0.17,0.31,0.39,213,0.138094444811,RETURNED,0.278345300954,0.32818932385,18,22,pop:sample:475
0,6,40,0.136735988023,24,1.55,1.0,0.3,0.25,210,0.138094444811,RETURNED,0.278345300954,0.32818932385,18,22,pop:sample:492
0,6,40,0.135889521974,25,1.0,0.19,0.31,0.5,228,0.135889521974,RETURNED,0.278345300954,0.32818932385,18,22,pop:sample:514
0,6,40,0.134457507984,26,0.72,0.24,0.31,0.18,202,0.134457507984,RETURNED,0.278345300954,0.32818932385,18,22,pop:sample:528
0,6,40,0.134105718243,27,0.69,0.22,0.3,0.17,203,0.134105718243,RETURNED,0.278345300954,0.32818932385,18,22,pop:sample:542
0,6,40,0.127474142219,28,0.95,0.5,0.31,0.15,220,0.128111354443,RETURNED,0.278345300954,0.32818932385,18,22,pop:sample:558
0,6,40,0.127169702892,29,1.97,1.09,0.32,0.56,210,0.127474142219,RETURNED,0.278345300954,0.32818932385,18,22,pop:sample:577
0,6,40,0.127530850493,30,0.85,0.21,0.34,0.29,224,0.127530850493,RETURNED,0.278345300954,0.32818932385,18,22,pop:sample:598
0,6,40,0.126986538626,31,1.09,0.18,0.31,0.6,209,0.126986538626,RETURNED,0.278345300954,0.32818932385,18,22,pop:sample:603
0,6,40,0.125068152993,32,0.72,0.26,0.31,0.15,200,0.125068152993,RETURNED,0.278345300954,0.32818932385,18,22,pop:sample:616
0,6,40,0.125068152993,33,0.63,0.17,0.33,0.13,228,0.125068152993,RETURNED,0.278345300954,0.32818932385,18,22,pop:sample:626
0,6,40,0.12235593004,34,1.12,0.48,0.31,0.32,233,0.12235593004,RETURNED,0.278345300954,0.32818932385,18,22,pop:sample:633
0,6,40,0.117652600908,35,1.31,0.78,0.31,0.22,222,0.11766187044,RETURNED,0.278345300954,0.32818932385,18,22,pop:sample:647
0,6,40,0.117185544554,36,1.11,0.56,0.31,0.24,229,0.117652600908,RETURNED,0.278345300954,0.32818932385,18,22,pop:sample:660
0,6,40,0.110041084378,37,0.72,0.28,0.31,0.13,231,0.110041084378,RETURNED,0.278345300954,0.32818932385,18,22,pop:sample:677
0,6,40,0.105075558322,38,0.81,0.32,0.3,0.18,217,0.108041464351,RETURNED,0.278345300954,0.32818932385,18,22,pop:sample:683
0,6,40,0.102290211634,39,1.19,0.63,0.31,0.25,209,0.104506544263,RETURNED,0.278345300954,0.32818932385,18,22,pop:sample:695
0,6,40,0.102171704035,40,0.74,0.2,0.31,0.23,233,0.102171704035,RETURNED,0.278345300954,0.32818932385,18,22,pop:sample:704
0,6,40,0.101885571527,41,0.71,0.26,0.3,0.15,229,0.102290211634,RETURNED,0.278345300954,0.32818932385,18,22,pop:sample:711
0,6,40,0.10060613444,42,1.11,0.56,0.31,0.24,219,0.10060613444,RETURNED,0.278345300954,0.32818932385,18,22,pop:sample:715
0,6,40,0.0991967832128,43,0.99,0.16,0.3,0.53,218,0.0994982895352,RETURNED,0.278345300954,0.32818932385,18,22,pop:sample:726
0,6,40,0.0947008487768,44,0.78,0.3,0.34,0.15,227,0.0947008487768,RETURNED,0.278345300954,0.32818932385,18,22,pop:sample:734
0,6,40,0.0916342943896,45,0.91,0.28,0.33,0.3,231,0.0916342943896,RETURNED,0.278345300954,0.32818932385,18,22,pop:sample:739
0,6,40,0.0916342943896,46,1.27,0.56,0.31,0.4,221,0.0916342943896,RETURNED,0.278345300954,0.32818932385,18,22,pop:sample:747
0,6,40,0.0879932495204,47,0.65,0.2,0.31,0.14,228,0.0879932495204,RETURNED,0.278345300954,0.32818932385,18,22,pop:sample:753
0,6,40,0.0916342943896,48,0.75,0.25,0.3,0.2,221,0.0916342943896,RETURNED,0.278345300954,0.32818932385,18,22,pop:sample:757
0,6,40,0.0879932495204,49,0.84,0.34,0.31,0.19,225,0.0879932495204,RETURNED,0.278345300954,0.32818932385,18,22,pop:sample:761
0,7,40,0.277675400601,0,3.41,0.29,0.45,2.68,304,0.278241756684,RETURNED,0.465945035832,0.0341385099949,22,25,pop:sample:91
0,7,40,0.263221067846,1,1.25,0.63,0.45,0.17,292,0.264820287325,RETURNED,0.465945035832,0.0341385099949,22,25,pop:sample:104
0,7,40,0.254609365602,2,1.46,0.2,0.45,0.81,298,0.254609365602,RETURNED,0.465945035832,0.0341385099949,22,25,pop:sample:124
0,7,40,0.250108734931,3,1.69,1.07,0.44,0.19,281,0.250823538933,RETURNED,0.465945035832,0.0341385099949,22,25,pop:sample:146
0,7,40,0.231068477758,4,2.09,0.99,0.46,0.63,297,0.231068477758,RETURNED,0.465945035832,0.0341385099949,22,25,pop:sample:166
0,7,40,0.222811751122,5,1.34,0.26,0.46,0.62,284,0.222811751122,RETURNED,0.465945035832,0.0341385099949,22,25,pop:sample:193
0,7,40,0.209071477477,6,1.5,0.61,0.45,0.44,278,0.209071477477,RETURNED,0.465945035832,0.0341385099949,22,25,pop:sample:209
0,7,40,0.201684148733,7,1.9,0.56,0.46,0.88,315,0.201684148733,RETURNED,0.465945035832,0.0341385099949,22,25,pop:sample:231
0,7,40,0.18793759188,8,1.41,0.59,0.43,0.39,271,0.18793759188,RETURNED,0.465945035832,0.0341385099949,22,25,pop:sample:250
0,7,40,0.171828155823,9,1.11,0.29,0.46,0.37,301,0.17372604309,RETURNED,0.465945035832,0.0341385099949,22,25,pop:sample:275
0,7,40,0.169312841968,10,1.89,0.21,0.45,1.23,307,0.169312841968,RETURNED,0.465945035832,0.0341385099949,22,25,pop:sample:295
0,7,40,0.158250488338,11,1.3,0.6,0.45,0.25,290,0.158250488338,RETURNED,0.465945035832,0.0341385099949,22,25,pop:sample:316
0,7,40,0.155078104173,12,1.26,0.29,0.45,0.52,290,0.155078104173,RETURNED,0.465945035832,0.0341385099949,22,25,pop:sample:339
0,7,40,0.155078104173,13,1.74,0.47,0.46,0.81,288,0.155078104173,RETURNED,0.465945035832,0.0341385099949,22,25,pop:sample:357
0,7,40,0.148541131641,14,1.02,0.28,0.47,0.28,294,0.148541131641,RETURNED,0.465945035832,0.0341385099949,22,25,pop:sample:382
0,7,40,0.14741986074,15,1.43,0.28,0.45,0.7,291,0.14741986074,RETURNED,0.465945035832,0.0341385099949,22,25,pop:sample:396
0,7,40,0.145649353332,16,1.66,0.97,0.45,0.24,285,0.145649353332,RETURNED,0.465945035832,0.0341385099949,22,25,pop:sample:422
0,7,40,0.142140220516,17,1.01,0.36,0.44,0.2,271,0.142960217385,RETURNED,0.465945035832,0.0341385099949,22,25,pop:sample:445
0,7,40,0.140371977807,18,1.27,0.26,0.45,0.56,288,0.140371977807,RETURNED,0.465945035832,0.0341385099949,22,25,pop:sample:460
0,7,40,0.139617840236,19,1.61,0.27,0.45,0.89,301,0.139617840236,RETURNED,0.465945035832,0.0341385099949,22,25,pop:sample:482
0,7,40,0.136423209327,20,1.8,0.4,0.45,0.95,282,0.136423209327,RETURNED,0.465945035832,0.0341385099949,22,25,pop:sample:504
0,7,40,0.133707896128,21,0.99,0.25,0.44,0.29,275,0.134023751781,RETURNED,0.465945035832,0.0341385099949,22,25,pop:sample:534
0,7,40,0.128111354443,22,1.66,0.52,0.43,0.7,268,0.128111354443,RETURNED,0.465945035832,0.0341385099949,22,25,pop:sample:554
0,7,40,0.128111354443,23,0.92,0.26,0.47,0.19,312,0.128111354443,RETURNED,0.465945035832,0.0341385099949,22,25,pop:sample:581
0,7,40,0.126986538626,24,1.54,0.71,0.48,0.35,285,0.126986538626,RETURNED,0.465945035832,0.0341385099949,22,25,pop:sample:591
0,7,40,0.127474142219,25,1.73,0.85,0.46,0.43,305,0.127474142219,RETURNED,0.465945035832,0.0341385099949,22,25,pop:sample:607
0,7,40,0.11766187044,26,1.06,0.45,0.46,0.16,308,0.11766187044,RETURNED,0.465945035832,0.0341385099949,22,25,pop:sample:627
0,7,40,0.121194413433,27,1.46,0.23,0.45,0.77,299,0.121194413433,RETURNED,0.465945035832,0.0341385099949,22,25,pop:sample:638
0,7,40,0.115168215732,28,0.97,0.35,0.46,0.16,296,0.115168215732,RETURNED,0.465945035832,0.0341385099949,22,25,pop:sample:658
0,7,40,0.110041084378,29,1.11,0.19,0.44,0.48,280,0.110041084378,RETURNED,0.465945035832,0.0341385099949,22,25,pop:sample:668
0,7,40,0.108139426732,30,0.95,0.19,0.45,0.31,299,0.108139426732,RETURNED,0.465945035832,0.0341385099949,22,25,pop:sample:680
0,7,40,0.106045921644,31,1.17,0.54,0.46,0.17,279,0.106045921644,RETURNED,0.465945035832,0.0341385099949,22,25,pop:sample:690
0,7,40,0.104506544263,32,1.05,0.41,0.46,0.18,295,0.104506544263,RETURNED,0.465945035832,0.0341385099949,22,25,pop:sample:702
0,7,40,0.101952778644,33,1.37,0.31,0.45,0.62,290,0.101952778644,RETURNED,0.465945035832,0.0341385099949,22,25,pop:sample:712
0,7,40,0.0969487441569,34,0.79,0.17,0.46,0.15,316,0.0981632884884,RETURNED,0.465945035832,0.0341385099949,22,25,pop:sample:719
0,7,40,0.0969487441569,35,1.46,0.7,0.48,0.28,266,0.0969487441569,RETURNED,0.465945035832,0.0341385099949,22,25,pop:sample:727
0,7,40,0.0916342943896,36,1.43,0.38,0.47,0.58,273,0.0916342943896,RETURNED,0.465945035832,0.0341385099949,22,25,pop:sample:740
0,7,40,0.091115232361,37,1.3,0.66,0.47,0.17,279,0.0916342943896,RETURNED,0.465945035832,0.0341385099949,22,25,pop:sample:749
0,7,40,0.0879932495204,38,0.84,0.21,0.46,0.18,280,0.0879932495204,RETURNED,0.465945035832,0.0341385099949,22,25,pop:sample:755
0,7,40,0.0879932495204,39,1.0,0.34,0.45,0.21,281,0.0879932495204,RETURNED,0.465945035832,0.0341385099949,22,25,pop:sample:762
0,7,40,0.0879932495204,40,1.14,0.45,0.46,0.24,309,0.0879932495204,RETURNED,0.465945035832,0.0341385099949,22,25,pop:sample:767
0,7,40,0.0866211005829,41,0.98,0.36,0.44,0.18,278,0.0866211005829,RETURNED,0.465945035832,0.0341385099949,22,25,pop:sample:771
0,7,40,0.0874000337835,42,1.55,0.22,0.43,0.89,272,0.0874000337835,RETURNED,0.465945035832,0.0341385099949,22,25,pop:sample:775
0,7,40,0.0863487646678,43,1.01,0.22,0.45,0.33,293,0.0863487646678,RETURNED,0.465945035832,0.0341385099949,22,25,pop:sample:780
0,7,40,0.0820543154764,44,1.36,0.67,0.44,0.25,283,0.0820543154764,RETURNED,0.465945035832,0.0341385099949,22,25,pop:sample:784
0,7,40,0.0819945221874,45,0.99,0.34,0.44,0.21,286,0.0819945221874,RETURNED,0.465945035832,0.0341385099949,22,25,pop:sample:787
0,7,40,0.0819945221874,46,1.3,0.4,0.44,0.46,287,0.0819945221874,RETURNED,0.465945035832,0.0341385099949,22,25,pop:sample:789
0,7,40,0.0799569391695,47,1.14,0.31,0.44,0.38,285,0.0799569391695,RETURNED,0.465945035832,0.0341385099949,22,25,pop:sample:791
0,7,40,0.0799569391695,48,1.01,0.4,0.45,0.15,306,0.0799569391695,RETURNED,0.465945035832,0.0341385099949,22,25,pop:sample:793
0,7,40,0.0799569391695,49,1.39,0.51,0.45,0.43,302,0.0799569391695,RETURNED,0.465945035832,0.0341385099949,22,25,pop:sample:795
0,8,40,0.278871430947,0,1.37,0.99,0.11,0.27,126,0.275413161344,RETURNED,0.73788532306,0.784500825892,19,6,pop:sample:94
0,8,40,0.27370574439,1,0.42,0.19,0.11,0.11,125,0.27370574439,RETURNED,0.73788532306,0.784500825892,19,6,pop:sample:96
0,8,40,0.26929792708,2,1.77,1.49,0.11,0.17,123,0.26929792708,RETURNED,0.73788532306,0.784500825892,19,6,pop:sample:97
0,8,40,0.290053267612,3,0.92,0.17,0.12,0.63,128,0.260856257448,RETURNED,0.73788532306,0.784500825892,19,6,pop:sample:108
0,8,40,0.247332607223,4,0.71,0.35,0.12,0.25,127,0.247332607223,RETURNED,0.73788532306,0.784500825892,19,6,pop:sample:123
0,8,40,0.26662244243,5,0.52,0.24,0.12,0.16,125,0.257860377152,RETURNED,0.73788532306,0.784500825892,19,6,pop:sample:132
0,8,40,0.24484498893,6,0.6,0.28,0.12,0.2,130,0.247820587271,RETURNED,0.73788532306,0.784500825892,19,6,pop:sample:143
0,8,40,0.240125674177,7,1.41,0.19,0.12,1.11,121,0.233674077071,RETURNED,0.73788532306,0.784500825892,19,6,pop:sample:149
0,8,40,0.224332043809,8,0.69,0.28,0.11,0.3,127,0.228605840797,RETURNED,0.73788532306,0.784500825892,19,6,pop:sample:167
0,8,40,0.229486517432,9,0.89,0.15,0.11,0.63,123,0.231068477758,RETURNED,0.73788532306,0.784500825892,19,6,pop:sample:177
0,8,40,0.237545056834,10,1.13,0.59,0.12,0.42,129,0.217299736133,RETURNED,0.73788532306,0.784500825892,19,6,pop:sample:188
0,8,40,0.214648653967,11,1.11,0.81,0.12,0.18,126,0.209071477477,RETURNED,0.73788532306,0.784500825892,19,6,pop:sample:206
0,8,40,0.205859206962,12,0.96,0.66,0.12,0.18,122,0.205859206962,RETURNED,0.73788532306,0.784500825892,19,6,pop:sample:217
0,8,40,0.198617316214,13,0.88,0.51,0.12,0.25,127,0.197290237737,RETURNED,0.73788532306,0.784500825892,19,6,pop:sample:232
0,8,40,0.202675209714,14,1.37,0.98,0.11,0.28,126,0.202739867936,RETURNED,0.73788532306,0.784500825892,19,6,pop:sample:243
0,8,40,0.178279749712,15,0.82,0.4,0.12,0.3,125,0.18304843807,RETURNED,0.73788532306,0.784500825892,19,6,pop:sample:258
0,8,40,0.18084837084,16,0.71,0.22,0.12,0.37,129,0.181001768796,RETURNED,0.73788532306,0.784500825892,19,6,pop:sample:272
0,8,40,0.180259821938,17,1.23,0.58,0.12,0.53,126,0.176439186374,RETURNED,0.73788532306,0.784500825892,19,6,pop:sample:283
0,8,40,0.173068404614,18,1.77,1.29,0.12,0.36,127,0.167746455136,RETURNED,0.73788532306,0.784500825892,19,6,pop:sample:303
0,8,40,0.176999986623,19,0.73,0.15,0.12,0.45,129,0.162951752519,RETURNED,0.73788532306,0.784500825892,19,6,pop:sample:324
0,8,40,0.155078104173,20,0.7,0.21,0.12,0.38,127,0.155078104173,RETURNED,0.73788532306,0.784500825892,19,6,pop:sample:338
0,8,40,0.164262779374,21,1.33,1.0,0.12,0.21,129,0.159689553598,RETURNED,0.73788532306,0.784500825892,19,6,pop:sample:352
0,8,40,0.158822897996,22,1.21,0.82,0.12,0.26,125,0.154210869172,RETURNED,0.73788532306,0.784500825892,19,6,pop:sample:368
0,8,40,0.154676810599,23,0.62,0.36,0.12,0.13,126,0.153869764742,RETURNED,0.73788532306,0.784500825892,19,6,pop:sample:387
0,8,40,0.165859554333,24,0.87,0.28,0.12,0.48,128,0.15191189387,RETURNED,0.73788532306,0.784500825892,19,6,pop:sample:393
0,8,40,0.168133690232,25,0.6,0.21,0.12,0.27,128,0.14741986074,RETURNED,0.73788532306,0.784500825892,19,6,pop:sample:409
0,8,40,0.146033609798,26,0.61,0.18,0.12,0.31,123,0.146733269206,RETURNED,0.73788532306,0.784500825892,19,6,pop:sample:418
0,8,40,0.145038622402,27,0.77,0.17,0.12,0.48,127,0.145259265018,RETURNED,0.73788532306,0.784500825892,19,6,pop:sample:428
0,8,40,0.146214016321,28,0.47,0.2,0.12,0.16,127,0.146794253652,RETURNED,0.73788532306,0.784500825892,19,6,pop:sample:438
0,8,40,0.178462513178,29,1.7,0.86,0.12,0.72,124,0.141604950473,RETURNED,0.73788532306,0.784500825892,19,6,pop:sample:448
0,8,40,0.140222145461,30,0.51,0.2,0.11,0.19,122,0.139524678134,RETURNED,0.73788532306,0.784500825892,19,6,pop:sample:472
0,8,40,0.138094444811,31,0.47,0.17,0.12,0.19,124,0.138094444811,RETURNED,0.73788532306,0.784500825892,19,6,pop:sample:480
0,8,40,0.194715271944,32,0.98,0.68,0.12,0.18,129,0.139379169562,RETURNED,0.73788532306,0.784500825892,19,6,pop:sample:487
0,8,40,0.137223673518,33,0.57,0.26,0.12,0.18,123,0.136423209327,RETURNED,0.73788532306,0.784500825892,19,6,pop:sample:502
0,8,40,0.158308576232,34,0.79,0.22,0.12,0.45,123,0.136530064866,RETURNED,0.73788532306,0.784500825892,19,6,pop:sample:513
0,8,40,0.160551134448,35,0.51,0.18,0.12,0.21,121,0.135178670506,RETURNED,0.73788532306,0.784500825892,19,6,pop:sample:523
0,8,40,0.134105718243,36,0.68,0.35,0.11,0.22,121,0.134105718243,RETURNED,0.73788532306,0.784500825892,19,6,pop:sample:533
0,8,40,0.144039270747,37,0.68,0.24,0.12,0.32,123,0.132357458603,RETURNED,0.73788532306,0.784500825892,19,6,pop:sample:545
0,8,40,0.129319541473,38,0.69,0.39,0.12,0.17,128,0.129319541473,RETURNED,0.73788532306,0.784500825892,19,6,pop:sample:559
0,8,40,0.126986538626,39,1.48,1.13,0.12,0.23,128,0.127804953437,RETURNED,0.73788532306,0.784500825892,19,6,pop:sample:572
0,8,40,0.135219515745,40,1.49,0.6,0.13,0.76,129,0.12594823754,RETURNED,0.73788532306,0.784500825892,19,6,pop:sample:590
0,8,40,0.127474142219,41,1.19,0.27,0.12,0.81,125,0.127474142219,RETURNED,0.73788532306,0.784500825892,19,6,pop:sample:604
0,8,40,0.120736553826,42,1.0,0.55,0.13,0.32,124,0.121380393054,RETURNED,0.73788532306,0.784500825892,19,6,pop:sample:619
0,8,40,0.122617429017,43,0.68,0.25,0.12,0.31,126,0.121827986023,RETURNED,0.73788532306,0.784500825892,19,6,pop:sample:630
0,8,40,0.12535565052,44,0.8,0.44,0.12,0.24,126,0.121650395767,RETURNED,0.73788532306,0.784500825892,19,6,pop:sample:639
0,8,40,0.160123752845,45,1.2,0.76,0.12,0.33,123,0.115376166181,RETURNED,0.73788532306,0.784500825892,19,6,pop:sample:650
0,8,40,0.110868970773,46,1.08,0.45,0.11,0.52,127,0.111588490956,RETURNED,0.73788532306,0.784500825892,19,6,pop:sample:663
0,8,40,0.149014057854,47,0.93,0.28,0.12,0.53,126,0.11787808565,RETURNED,0.73788532306,0.784500825892,19,6,pop:sample:676
0,8,40,0.126858581044,48,0.63,0.21,0.11,0.3,126,0.108287826364,RETURNED,0.73788532306,0.784500825892,19,6,pop:sample:686
0,8,40,0.104564638447,49,0.67,0.35,0.12,0.2,123,0.104564638447,RETURNED,0.73788532306,0.784500825892,19,6,pop:sample:693
0,9,40,655.409617221,0,0.37,0.22,0.05,0.1,131,657.018636622,RETURNED,0.25418968748,0.317362008533,17,15,pop:sample:1
0,9,40,457.413455035,1,0.75,0.33,0.04,0.38,134,458.574877316,RETURNED,0.25418968748,0.317362008533,17,15,pop:sample:9
0,9,40,0.501985255859,2,0.46,0.13,0.16,0.17,140,0.575488186493,RETURNED,0.25418968748,0.317362008533,17,15,pop:sample:19
0,9,40,0.465467869807,3,0.88,0.25,0.18,0.44,131,0.487484285571,RETURNED,0.25418968748,0.317362008533,17,15,pop:sample:23
0,9,40,0.477916483965,4,0.74,0.19,0.18,0.37,124,0.501929842456,RETURNED,0.25418968748,0.317362008533,17,15,pop:sample:29
0,9,40,0.435110864407,5,1.17,0.59,0.18,0.39,126,0.445511979732,RETURNED,0.25418968748,0.317362008533,17,15,pop:sample:35
0,9,40,0.341286534913,6,0.74,0.15,0.19,0.39,147,0.37576201067,RETURNED,0.25418968748,0.317362008533,17,15,pop:sample:43
0,9,40,0.323673164905,7,0.48,0.15,0.19,0.13,144,0.323673164905,RETURNED,0.25418968748,0.317362008533,17,15,pop:sample:49
0,9,40,0.319863177317,8,1.04,0.52,0.19,0.34,138,0.323673164905,RETURNED,0.25418968748,0.317362008533,17,15,pop:sample:52
0,9,40,0.312294005862,9,0.62,0.2,0.19,0.22,144,0.314404497551,RETURNED,0.25418968748,0.317362008533,17,15,pop:sample:61
0,9,40,0.284415408952,10,0.86,0.18,0.19,0.48,144,0.285308364464,RETURNED,0.25418968748,0.317362008533,17,15,pop:sample:65
0,9,40,0.280352230022,11,1.11,0.63,0.2,0.28,146,0.284415408952,RETURNED,0.25418968748,0.317362008533,17,15,pop:sample:70
0,9,40,0.280352230022,12,0.69,0.21,0.2,0.28,138,0.280352230022,RETURNED,0.25418968748,0.317362008533,17,15,pop:sample:77
0,9,40,0.278241756684,13,1.07,0.52,0.19,0.36,143,0.278241756684,RETURNED,0.25418968748,0.317362008533,17,15,pop:sample:82
0,9,40,0.264951164013,14,0.61,0.18,0.19,0.24,147,0.264951164013,RETURNED,0.25418968748,0.317362008533,17,15,pop:sample:92
0,9,40,0.264951164013,15,2.77,2.31,0.2,0.26,147,0.264951164013,RETURNED,0.25418968748,0.317362008533,17,15,pop:sample:95
0,9,40,0.264951164013,16,1.07,0.59,0.18,0.29,125,0.264951164013,RETURNED,0.25418968748,0.317362008533,17,15,pop:sample:111
0,9,40,0.257860377152,17,1.78,0.99,0.2,0.6,151,0.257860377152,RETURNED,0.25418968748,0.317362008533,17,15,pop:sample:129
0,9,40,0.239830481243,18,2.07,1.17,0.21,0.68,138,0.239830481243,RETURNED,0.25418968748,0.317362008533,17,15,pop:sample:157
0,9,40,0.217701792607,19,0.59,0.25,0.2,0.14,134,0.219624830285,RETURNED,0.25418968748,0.317362008533,17,15,pop:sample:179
0,9,40,0.213502985401,20,1.21,0.49,0.2,0.51,161,0.213502985401,RETURNED,0.25418968748,0.317362008533,17,15,pop:sample:187
0,9,40,0.209071477477,21,1.29,0.59,0.2,0.5,146,0.209071477477,RETURNED,0.25418968748,0.317362008533,17,15,pop:sample:203
0,9,40,0.211469213252,22,1.45,0.56,0.19,0.7,119,0.211469213252,RETURNED,0.25418968748,0.317362008533,17,15,pop:sample:221
0,9,40,0.184000903967,23,1.6,1.21,0.2,0.19,136,0.194732667896,RETURNED,0.25418968748,0.317362008533,17,15,pop:sample:241
0,9,40,0.181929662812,24,0.74,0.3,0.2,0.24,139,0.18304843807,RETURNED,0.25418968748,0.317362008533,17,15,pop:sample:262
0,9,40,0.181929662812,25,0.67,0.36,0.2,0.12,129,0.181929662812,RETURNED,0.25418968748,0.317362008533,17,15,pop:sample:273
0,9,40,0.17828745035,26,0.74,0.16,0.19,0.39,135,0.180952987065,RETURNED,0.25418968748,0.317362008533,17,15,pop:sample:282
0,9,40,0.169312841968,27,0.55,0.23,0.2,0.12,142,0.169312841968,RETURNED,0.25418968748,0.317362008533,17,15,pop:sample:296
0,9,40,0.164467818401,28,1.18,0.47,0.2,0.52,146,0.164467818401,RETURNED,0.25418968748,0.317362008533,17,15,pop:sample:305
0,9,40,0.164467818401,29,0.76,0.41,0.19,0.16,136,0.164467818401,RETURNED,0.25418968748,0.317362008533,17,15,pop:sample:317
0,9,40,0.157949885155,30,0.6,0.27,0.19,0.14,132,0.157949885155,RETURNED,0.25418968748,0.317362008533,17,15,pop:sample:330
0,9,40,0.154609961465,31,1.32,0.34,0.2,0.78,142,0.155078104173,RETURNED,0.25418968748,0.317362008533,17,15,pop:sample:343
0,9,40,0.155078104173,32,0.71,0.39,0.19,0.13,130,0.155078104173,RETURNED,0.25418968748,0.317362008533,17,15,pop:sample:361
0,9,40,0.154676810599,33,0.49,0.16,0.18,0.14,101,0.154676810599,RETURNED,0.25418968748,0.317362008533,17,15,pop:sample:369
0,9,40,0.151849163091,34,0.72,0.3,0.2,0.22,140,0.151849163091,RETURNED,0.25418968748,0.317362008533,17,15,pop:sample:374
0,9,40,0.153391858514,35,0.75,0.2,0.19,0.36,130,0.154611038825,RETURNED,0.25418968748,0.317362008533,17,15,pop:sample:389
0,9,40,0.145649353332,36,1.19,0.77,0.19,0.22,144,0.14741986074,RETURNED,0.25418968748,0.317362008533,17,15,pop:sample:401
0,9,40,0.144734897234,37,1.57,1.09,0.2,0.27,157,0.145259265018,RETURNED,0.25418968748,0.317362008533,17,15,pop:sample:419
0,9,40,0.142369132253,38,1.15,0.37,0.19,0.59,132,0.142369132253,RETURNED,0.25418968748,0.317362008533,17,15,pop:sample:443
0,9,40,0.139490002037,39,1.13,0.79,0.19,0.15,129,0.139490002037,RETURNED,0.25418968748,0.317362008533,17,15,pop:sample:462
0,9,40,0.137333724384,40,0.75,0.23,0.19,0.33,133,0.137810243373,RETURNED,0.25418968748,0.317362008533,17,15,pop:sample:479
0,9,40,0.137333724384,41,1.16,0.8,0.2,0.16,150,0.137333724384,RETURNED,0.25418968748,0.317362008533,17,15,pop:sample:490
0,9,40,0.134796172065,42,0.57,0.18,0.19,0.19,141,0.134919372579,RETURNED,0.25418968748,0.317362008533,17,15,pop:sample:508
0,9,40,0.134023751781,43,0.76,0.14,0.19,0.43,138,0.134023751781,RETURNED,0.25418968748,0.317362008533,17,15,pop:sample:519
0,9,40,0.134342084297,44,0.6,0.27,0.19,0.15,128,0.134512796244,RETURNED,0.25418968748,0.317362008533,17,15,pop:sample:529
0,9,40,0.129319541473,45,0.59,0.22,0.19,0.18,139,0.129319541473,RETURNED,0.25418968748,0.317362008533,17,15,pop:sample:541
0,9,40,0.128111354443,46,0.55,0.21,0.19,0.15,152,0.128111354443,RETURNED,0.25418968748,0.317362008533,17,15,pop:sample:555
0,9,40,0.127804953437,47,0.98,0.18,0.19,0.62,119,0.128111354443,RETURNED,0.25418968748,0.317362008533,17,15,pop:sample:564
0,9,40,0.128769365584,48,1.04,0.36,0.22,0.46,160,0.129319541473,RETURNED,0.25418968748,0.317362008533,17,15,pop:sample:580
0,9,40,0.127530850493,49,0.91,0.46,0.19,0.26,140,0.127530850493,RETURNED,0.25418968748,0.317362008533,17,15,pop:sample:592
0,10,40,708.9831512,0,0.33,0.16,0.08,0.1,310,713.39146025,RETURNED,0.818796309641,0.100868247675,12,30,pop:sample:5
0,10,40,455.611198027,1,0.29,0.14,0.08,0.07,310,458.628594572,RETURNED,0.818796309641,0.100868247675,12,30,pop:sample:8
0,10,40,0.65981973107,2,0.57,0.12,0.34,0.11,315,0.714738616988,RETURNED,0.818796309641,0.100868247675,12,30,pop:sample:14
0,10,40,0.560801177139,3,0.71,0.11,0.34,0.26,311,0.68879065854,RETURNED,0.818796309641,0.100868247675,12,30,pop:sample:20
0,10,40,0.504456261504,4,0.76,0.28,0.36,0.13,313,0.491799502697,RETURNED,0.818796309641,0.100868247675,12,30,pop:sample:27
0,10,40,0.53281340772,5,0.58,0.15,0.35,0.09,313,0.462376103413,RETURNED,0.818796309641,0.100868247675,12,30,pop:sample:32
0,10,40,0.509454444773,6,0.9,0.17,0.36,0.38,311,0.434565315249,RETURNED,0.818796309641,0.100868247675,12,30,pop:sample:36
0,10,40,0.44501154961,7,0.82,0.37,0.35,0.11,312,0.424215847455,RETURNED,0.818796309641,0.100868247675,12,30,pop:sample:40
0,10,40,0.445514851291,8,0.79,0.19,0.36,0.25,321,0.331111903939,RETURNED,0.818796309641,0.100868247675,12,30,pop:sample:47
0,10,40,0.443143957516,9,0.62,0.16,0.35,0.1,314,0.340380735858,RETURNED,0.818796309641,0.100868247675,12,30,pop:sample:54
0,10,40,0.425059390075,10,0.85,0.31,0.35,0.2,306,0.316162162985,RETURNED,0.818796309641,0.100868247675,12,30,pop:sample:58
0,10,40,0.396793152281,11,1.13,0.57,0.36,0.19,315,0.285308364464,RETURNED,0.818796309641,0.100868247675,12,30,pop:sample:66
0,10,40,0.32118308893,12,0.92,0.43,0.35,0.14,318,0.304088616311,RETURNED,0.818796309641,0.100868247675,12,30,pop:sample:72
0,10,40,0.369270744924,13,1.67,0.19,0.35,1.13,306,0.285308364464,RETURNED,0.818796309641,0.100868247675,12,30,pop:sample:78
0,10,40,0.374040776063,14,3.2,2.65,0.35,0.2,312,0.275413161344,RETURNED,0.818796309641,0.100868247675,12,30,pop:sample:93
0,10,40,0.330738393105,15,0.63,0.15,0.35,0.14,314,0.28100224379,RETURNED,0.818796309641,0.100868247675,12,30,pop:sample:107
0,10,40,0.343296184609,16,0.56,0.1,0.36,0.1,314,0.264820287325,RETURNED,0.818796309641,0.100868247675,12,30,pop:sample:117
0,10,40,0.335727052975,17,0.66,0.21,0.35,0.1,310,0.256279528872,RETURNED,0.818796309641,0.100868247675,12,30,pop:sample:127
0,10,40,0.319359390233,18,1.03,0.57,0.35,0.11,313,0.257860377152,RETURNED,0.818796309641,0.100868247675,12,30,pop:sample:136
0,10,40,0.437329560993,19,1.52,0.66,0.38,0.48,316,0.24505693615,RETURNED,0.818796309641,0.100868247675,12,30,pop:sample:152
0,10,40,0.3674965976,20,1.31,0.74,0.35,0.22,313,0.231149815994,RETURNED,0.818796309641,0.100868247675,12,30,pop:sample:168
0,10,40,0.286583219523,21,0.87,0.41,0.35,0.11,307,0.217701792607,RETURNED,0.818796309641,0.100868247675,12,30,pop:sample:186
0,10,40,0.351609856285,22,1.22,0.72,0.37,0.13,304,0.239830481243,RETURNED,0.818796309641,0.100868247675,12,30,pop:sample:198
0,10,40,0.363164467483,23,1.0,0.41,0.38,0.21,322,0.2408513709,RETURNED,0.818796309641,0.100868247675,12,30,pop:sample:216
0,10,40,0.341747179758,24,1.09,0.6,0.36,0.13,312,0.20435654463,RETURNED,0.818796309641,0.100868247675,12,30,pop:sample:230
0,10,40,0.325722658388,25,1.42,0.94,0.39,0.09,309,0.229085310922,RETURNED,0.818796309641,0.100868247675,12,30,pop:sample:242
0,10,40,0.309178796318,26,0.7,0.2,0.38,0.12,321,0.186969796109,RETURNED,0.818796309641,0.100868247675,12,30,pop:sample:259
0,10,40,0.263991694581,27,0.82,0.14,0.35,0.32,307,0.18304843807,RETURNED,0.818796309641,0.100868247675,12,30,pop:sample:271
0,10,40,0.288326669023,28,1.12,0.43,0.36,0.34,307,0.174887737594,RETURNED,0.818796309641,0.100868247675,12,30,pop:sample:284
0,10,40,0.329510882363,29,1.58,1.03,0.37,0.18,324,0.167746455136,RETURNED,0.818796309641,0.100868247675,12,30,pop:sample:304
0,10,40,0.264915121619,30,0.72,0.11,0.35,0.26,311,0.167163321443,RETURNED,0.818796309641,0.100868247675,12,30,pop:sample:322
0,10,40,0.280247518115,31,0.62,0.12,0.35,0.15,300,0.163992769136,RETURNED,0.818796309641,0.100868247675,12,30,pop:sample:337
0,10,40,0.295133966752,32,1.09,0.5,0.36,0.23,319,0.155816773688,RETURNED,0.818796309641,0.100868247675,12,30,pop:sample:349
0,10,40,0.304588341615,33,1.35,0.9,0.36,0.09,302,0.154537369663,RETURNED,0.818796309641,0.100868247675,12,30,pop:sample:362
0,10,40,0.273484228489,34,0.7,0.25,0.35,0.1,314,0.154676810599,RETURNED,0.818796309641,0.100868247675,12,30,pop:sample:379
0,10,40,0.324935749485,35,0.81,0.18,0.37,0.26,323,0.154403270466,RETURNED,0.818796309641,0.100868247675,12,30,pop:sample:392
0,10,40,0.252088103111,36,0.66,0.23,0.35,0.09,310,0.151306744127,RETURNED,0.818796309641,0.100868247675,12,30,pop:sample:407
0,10,40,0.244423862438,37,0.96,0.51,0.35,0.1,315,0.147523946092,RETURNED,0.818796309641,0.100868247675,12,30,pop:sample:414
0,10,40,0.318223319007,38,0.57,0.12,0.35,0.1,308,0.145649353332,RETURNED,0.818796309641,0.100868247675,12,30,pop:sample:430
0,10,40,0.312978186942,39,0.93,0.49,0.35,0.08,321,0.142369132253,RETURNED,0.818796309641,0.100868247675,12,30,pop:sample:440
0,10,40,0.254555948763,40,0.58,0.12,0.35,0.11,307,0.153391858514,RETURNED,0.818796309641,0.100868247675,12,30,pop:sample:452
0,10,40,0.282730203155,41,0.85,0.13,0.35,0.37,315,0.142369132253,RETURNED,0.818796309641,0.100868247675,12,30,pop:sample:463
0,10,40,0.264730040649,42,1.01,0.41,0.34,0.26,304,0.138094444811,RETURNED,0.818796309641,0.100868247675,12,30,pop:sample:474
0,10,40,0.252747253547,43,0.89,0.12,0.35,0.41,311,0.139490002037,RETURNED,0.818796309641,0.100868247675,12,30,pop:sample:493
0,10,40,0.27414082519,44,0.91,0.25,0.36,0.31,311,0.137110998692,RETURNED,0.818796309641,0.100868247675,12,30,pop:sample:503
0,10,40,0.248081510104,45,0.88,0.2,0.35,0.33,318,0.166326168634,RETURNED,0.818796309641,0.100868247675,12,30,pop:sample:520
0,10,40,0.270196109144,46,0.65,0.16,0.35,0.14,312,0.134105718243,RETURNED,0.818796309641,0.100868247675,12,30,pop:sample:532
0,10,40,0.21796977351,47,0.78,0.23,0.35,0.2,310,0.132357458603,RETURNED,0.818796309641,0.100868247675,12,30,pop:sample:544
0,10,40,0.301150927692,48,0.8,0.29,0.37,0.14,324,0.131106757646,RETURNED,0.818796309641,0.100868247675,12,30,pop:sample:562
0,10,40,0.270716574686,49,0.72,0.17,0.34,0.2,306,0.129319541473,RETURNED,0.818796309641,0.100868247675,12,30,pop:sample:576
0,11,40,495.071445956,0,0.29,0.13,0.05,0.11,215,653.66457949,RETURNED,0.0458399480068,0.699680157366,19,15,pop:sample:3
0,11,40,0.596195038506,1,1.04,0.75,0.17,0.12,228,0.645739976538,RETURNED,0.0458399480068,0.699680157366,19,15,pop:sample:15
0,11,40,0.482145088442,2,1.25,0.85,0.19,0.21,208,0.505770188795,RETURNED,0.0458399480068,0.699680157366,19,15,pop:sample:22
0,11,40,0.409184075508,3,0.87,0.47,0.2,0.2,210,0.418307755916,RETURNED,0.0458399480068,0.699680157366,19,15,pop:sample:31
0,11,40,0.365175279455,4,0.72,0.23,0.21,0.29,223,0.399160424513,RETURNED,0.0458399480068,0.699680157366,19,15,pop:sample:39
0,11,40,0.349885184666,5,1.21,0.58,0.2,0.42,208,0.360289311098,RETURNED,0.0458399480068,0.699680157366,19,15,pop:sample:45
0,11,40,0.317086181035,6,0.9,0.54,0.2,0.16,207,0.323673164905,RETURNED,0.0458399480068,0.699680157366,19,15,pop:sample:53
0,11,40,0.285308364464,7,0.76,0.21,0.2,0.34,222,0.312020676427,RETURNED,0.0458399480068,0.699680157366,19,15,pop:sample:59
0,11,40,0.312294005862,8,1.24,0.49,0.21,0.54,220,0.312294005862,RETURNED,0.0458399480068,0.699680157366,19,15,pop:sample:67
0,11,40,0.280700371235,9,1.1,0.54,0.22,0.35,204,0.28655844752,RETURNED,0.0458399480068,0.699680157366,19,15,pop:sample:74
0,11,40,0.275413161344,10,3.85,0.48,0.21,3.16,221,0.27688193646,RETURNED,0.0458399480068,0.699680157366,19,15,pop:sample:80
0,11,40,0.259344207967,11,0.94,0.59,0.21,0.14,209,0.271127900038,RETURNED,0.0458399480068,0.699680157366,19,15,pop:sample:98
0,11,40,0.260114376435,12,1.55,0.73,0.2,0.61,196,0.260114376435,RETURNED,0.0458399480068,0.699680157366,19,15,pop:sample:112
0,11,40,0.231427864985,13,0.99,0.16,0.21,0.62,215,0.244005133512,RETURNED,0.0458399480068,0.699680157366,19,15,pop:sample:137
0,11,40,0.231068477758,14,0.56,0.21,0.21,0.13,220,0.231427864985,RETURNED,0.0458399480068,0.699680157366,19,15,pop:sample:151
0,11,40,0.232850734913,15,0.55,0.17,0.22,0.17,219,0.239818430291,RETURNED,0.0458399480068,0.699680157366,19,15,pop:sample:159
0,11,40,0.230672495693,16,1.37,0.87,0.23,0.27,221,0.230672495693,RETURNED,0.0458399480068,0.699680157366,19,15,pop:sample:165
0,11,40,0.213339812903,17,1.43,0.65,0.21,0.57,218,0.216565407653,RETURNED,0.0458399480068,0.699680157366,19,15,pop:sample:184
0,11,40,0.210483416205,18,1.22,0.63,0.21,0.39,200,0.212817952745,RETURNED,0.0458399480068,0.699680157366,19,15,pop:sample:200
0,11,40,0.201684148733,19,1.16,0.5,0.22,0.44,212,0.203013642976,RETURNED,0.0458399480068,0.699680157366,19,15,pop:sample:218
0,11,40,0.186969796109,20,1.99,1.07,0.22,0.7,221,0.190589214164,RETURNED,0.0458399480068,0.699680157366,19,15,pop:sample:237
0,11,40,0.17372604309,21,1.11,0.61,0.21,0.29,198,0.17624618559,RETURNED,0.0458399480068,0.699680157366,19,15,pop:sample:256
0,11,40,0.171818063097,22,0.84,0.17,0.22,0.45,220,0.171818063097,RETURNED,0.0458399480068,0.699680157366,19,15,pop:sample:276
0,11,40,0.169312841968,23,2.01,0.68,0.23,1.1,228,0.169312841968,RETURNED,0.0458399480068,0.699680157366,19,15,pop:sample:291
0,11,40,0.155078104173,24,0.78,0.29,0.21,0.28,205,0.157212773357,RETURNED,0.0458399480068,0.699680157366,19,15,pop:sample:314
0,11,40,0.155078104173,25,1.01,0.58,0.21,0.23,204,0.155078104173,RETURNED,0.0458399480068,0.699680157366,19,15,pop:sample:327
0,11,40,0.155078104173,26,1.84,0.66,0.21,0.97,224,0.155078104173,RETURNED,0.0458399480068,0.699680157366,19,15,pop:sample:346
0,11,40,0.15191189387,27,0.53,0.18,0.21,0.14,207,0.152925274042,RETURNED,0.0458399480068,0.699680157366,19,15,pop:sample:370
0,11,40,0.154676810599,28,0.6,0.16,0.2,0.23,199,0.154676810599,RETURNED,0.0458399480068,0.699680157366,19,15,pop:sample:378
0,11,40,0.151306744127,29,0.61,0.23,0.21,0.17,216,0.151849163091,RETURNED,0.0458399480068,0.699680157366,19,15,pop:sample:390
0,11,40,0.146733269206,30,1.39,0.47,0.21,0.71,203,0.14724760074,RETURNED,0.0458399480068,0.699680157366,19,15,pop:sample:397
0,11,40,0.145259265018,31,1.21,0.67,0.21,0.33,220,0.145259265018,RETURNED,0.0458399480068,0.699680157366,19,15,pop:sample:423
0,11,40,0.141737498385,32,1.25,0.51,0.21,0.53,228,0.141821689503,RETURNED,0.0458399480068,0.699680157366,19,15,pop:sample:437
0,11,40,0.138094444811,33,1.16,0.81,0.21,0.14,219,0.140287650627,RETURNED,0.0458399480068,0.699680157366,19,15,pop:sample:459
0,11,40,0.139490002037,34,0.69,0.19,0.21,0.28,214,0.139490002037,RETURNED,0.0458399480068,0.699680157366,19,15,pop:sample:473
0,11,40,0.136423209327,35,0.71,0.34,0.21,0.16,220,0.136423209327,RETURNED,0.0458399480068,0.699680157366,19,15,pop:sample:488
0,11,40,0.134105718243,36,0.75,0.23,0.21,0.31,193,0.136423209327,RETURNED,0.0458399480068,0.699680157366,19,15,pop:sample:498
0,11,40,0.134105718243,37,0.99,0.65,0.21,0.13,225,0.134105718243,RETURNED,0.0458399480068,0.699680157366,19,15,pop:sample:511
0,11,40,0.132899051052,38,0.8,0.42,0.21,0.16,222,0.13325989173,RETURNED,0.0458399480068,0.699680157366,19,15,pop:sample:526
0,11,40,0.133156407736,39,0.83,0.42,0.22,0.2,214,0.133156407736,RETURNED,0.0458399480068,0.699680157366,19,15,pop:sample:540
0,11,40,0.129319541473,40,0.88,0.24,0.21,0.43,208,0.129319541473,RETURNED,0.0458399480068,0.699680157366,19,15,pop:sample:557
0,11,40,0.127474142219,41,1.23,0.19,0.21,0.84,201,0.127474142219,RETURNED,0.0458399480068,0.699680157366,19,15,pop:sample:573
0,11,40,0.127642806341,42,1.01,0.28,0.21,0.51,220,0.127642806341,RETURNED,0.0458399480068,0.699680157366,19,15,pop:sample:584
0,11,40,0.125068152993,43,2.0,1.24,0.21,0.56,222,0.125245136092,RETURNED,0.0458399480068,0.699680157366,19,15,pop:sample:600
0,11,40,0.12235593004,44,1.02,0.47,0.21,0.34,218,0.12235593004,RETURNED,0.0458399480068,0.699680157366,19,15,pop:sample:621
0,11,40,0.121827986023,45,0.67,0.2,0.21,0.26,216,0.121827986023,RETURNED,0.0458399480068,0.699680157366,19,15,pop:sample:632
0,11,40,0.117824034507,46,1.17,0.52,0.21,0.44,203,0.117824034507,RETURNED,0.0458399480068,0.699680157366,19,15,pop:sample:643
0,11,40,0.111588490956,47,0.85,0.37,0.2,0.28,200,0.112980471814,RETURNED,0.0458399480068,0.699680157366,19,15,pop:sample:656
0,11,40,0.110658703683,48,0.9,0.28,0.21,0.41,223,0.111572169728,RETURNED,0.0458399480068,0.699680157366,19,15,pop:sample:664
0,11,40,0.108139426732,49,0.62,0.26,0.2,0.16,204,0.108139426732,RETURNED,0.0458399480068,0.699680157366,19,15,pop:sample:674
0,12,40,484.80449556,0,0.51,0.26,0.04,0.21,119,535.297227213,RETURNED,0.0640530126808,0.337567655788,21,12,pop:sample:7
0,12,40,0.68879065854,1,0.33,0.13,0.09,0.12,105,0.701306033534,RETURNED,0.0640530126808,0.337567655788,21,12,pop:sample:13
0,12,40,0.622155041027,2,0.81,0.14,0.13,0.55,135,0.68879065854,RETURNED,0.0640530126808,0.337567655788,21,12,pop:sample:17
0,12,40,0.50102927781,3,1.21,0.76,0.16,0.29,115,0.505770188795,RETURNED,0.0640530126808,0.337567655788,21,12,pop:sample:25
0,12,40,0.416474135624,4,1.39,0.61,0.17,0.61,138,0.444343483707,RETURNED,0.0640530126808,0.337567655788,21,12,pop:sample:34
0,12,40,0.395661166558,5,0.82,0.43,0.17,0.22,130,0.395661166558,RETURNED,0.0640530126808,0.337567655788,21,12,pop:sample:42
0,12,40,0.340380735858,6,0.71,0.38,0.17,0.17,115,0.341286534913,RETURNED,0.0640530126808,0.337567655788,21,12,pop:sample:48
0,12,40,0.316429960827,7,1.0,0.41,0.17,0.42,111,0.323673164905,RETURNED,0.0640530126808,0.337567655788,21,12,pop:sample:55
0,12,40,0.308867767223,8,0.83,0.42,0.17,0.24,104,0.309517834177,RETURNED,0.0640530126808,0.337567655788,21,12,pop:sample:62
0,12,40,0.308268427851,9,1.22,0.2,0.17,0.85,108,0.308268427851,RETURNED,0.0640530126808,0.337567655788,21,12,pop:sample:68
0,12,40,0.283080727561,10,1.08,0.34,0.17,0.57,114,0.283080727561,RETURNED,0.0640530126808,0.337567655788,21,12,pop:sample:75
0,12,40,0.271127900038,11,4.07,0.62,0.17,3.28,112,0.271127900038,RETURNED,0.0640530126808,0.337567655788,21,12,pop:sample:81
0,12,40,0.263257422172,12,1.26,0.36,0.17,0.72,116,0.264719959337,RETURNED,0.0640530126808,0.337567655788,21,12,pop:sample:101
0,12,40,0.254609365602,13,0.58,0.19,0.17,0.21,96,0.254609365602,RETURNED,0.0640530126808,0.337567655788,21,12,pop:sample:122
0,12,40,0.238058793636,14,1.41,0.34,0.17,0.89,112,0.242469374469,RETURNED,0.0640530126808,0.337567655788,21,12,pop:sample:130
0,12,40,0.231149815994,15,1.64,1.31,0.18,0.16,107,0.231149815994,RETURNED,0.0640530126808,0.337567655788,21,12,pop:sample:154
0,12,40,0.231068477758,16,0.86,0.19,0.17,0.49,96,0.231068477758,RETURNED,0.0640530126808,0.337567655788,21,12,pop:sample:172
0,12,40,0.213287555655,17,1.53,0.79,0.17,0.57,119,0.21776005084,RETURNED,0.0640530126808,0.337567655788,21,12,pop:sample:181
0,12,40,0.20435654463,18,1.22,0.68,0.17,0.36,116,0.211765956325,RETURNED,0.0640530126808,0.337567655788,21,12,pop:sample:201
0,12,40,0.203361432657,19,1.03,0.24,0.17,0.61,128,0.20435654463,RETURNED,0.0640530126808,0.337567655788,21,12,pop:sample:220
0,12,40,0.194732667896,20,0.92,0.53,0.17,0.22,107,0.196523470657,RETURNED,0.0640530126808,0.337567655788,21,12,pop:sample:235
0,12,40,0.18793759188,21,0.9,0.21,0.17,0.52,121,0.189943851776,RETURNED,0.0640530126808,0.337567655788,21,12,pop:sample:244
0,12,40,0.180952987065,22,0.95,0.61,0.18,0.17,123,0.184338503091,RETURNED,0.0640530126808,0.337567655788,21,12,pop:sample:252
0,12,40,0.180952987065,23,1.21,0.54,0.18,0.49,109,0.180952987065,RETURNED,0.0640530126808,0.337567655788,21,12,pop:sample:269
0,12,40,0.169312841968,24,0.64,0.23,0.17,0.23,121,0.169312841968,RETURNED,0.0640530126808,0.337567655788,21,12,pop:sample:289
0,12,40,0.169312841968,25,2.07,1.57,0.18,0.32,125,0.169312841968,RETURNED,0.0640530126808,0.337567655788,21,12,pop:sample:299
0,12,40,0.155078104173,26,0.51,0.2,0.16,0.14,97,0.155078104173,RETURNED,0.0640530126808,0.337567655788,21,12,pop:sample:326
0,12,40,0.155078104173,27,0.62,0.25,0.18,0.19,145,0.155078104173,RETURNED,0.0640530126808,0.337567655788,21,12,pop:sample:336
0,12,40,0.155078104173,28,0.79,0.23,0.17,0.39,118,0.155078104173,RETURNED,0.0640530126808,0.337567655788,21,12,pop:sample:347
0,12,40,0.154676810599,29,1.52,0.46,0.17,0.88,120,0.154676810599,RETURNED,0.0640530126808,0.337567655788,21,12,pop:sample:356
0,12,40,0.15191189387,30,1.53,0.92,0.17,0.44,122,0.15191189387,RETURNED,0.0640530126808,0.337567655788,21,12,pop:sample:375
0,12,40,0.146979215923,31,0.82,0.37,0.17,0.28,110,0.147523946092,RETURNED,0.0640530126808,0.337567655788,21,12,pop:sample:404
0,12,40,0.146258563169,32,0.74,0.33,0.17,0.24,99,0.146258563169,RETURNED,0.0640530126808,0.337567655788,21,12,pop:sample:413
0,12,40,0.141604950473,33,1.19,0.82,0.17,0.2,117,0.143382471915,RETURNED,0.0640530126808,0.337567655788,21,12,pop:sample:427
0,12,40,0.141604950473,34,1.48,1.14,0.17,0.16,103,0.141604950473,RETURNED,0.0640530126808,0.337567655788,21,12,pop:sample:446
0,12,40,0.139524678134,35,1.2,0.82,0.16,0.22,93,0.139524678134,RETURNED,0.0640530126808,0.337567655788,21,12,pop:sample:467
0,12,40,0.137110998692,36,0.93,0.54,0.17,0.22,108,0.137110998692,RETURNED,0.0640530126808,0.337567655788,21,12,pop:sample:486
0,12,40,0.13666813631,37,0.91,0.21,0.17,0.53,107,0.13666813631,RETURNED,0.0640530126808,0.337567655788,21,12,pop:sample:499
0,12,40,0.134105718243,38,1.29,0.55,0.16,0.58,99,0.134105718243,RETURNED,0.0640530126808,0.337567655788,21,12,pop:sample:515
0,12,40,0.134105718243,39,0.84,0.47,0.17,0.2,95,0.134105718243,RETURNED,0.0640530126808,0.337567655788,21,12,pop:sample:537
0,12,40,0.132899051052,40,0.68,0.28,0.17,0.22,122,0.132899051052,RETURNED,0.0640530126808,0.337567655788,21,12,pop:sample:552
0,12,40,0.129319541473,41,1.81,0.34,0.16,1.31,104,0.129319541473,RETURNED,0.0640530126808,0.337567655788,21,12,pop:sample:566
0,12,40,0.12594823754,42,1.19,0.7,0.17,0.32,106,0.12594823754,RETURNED,0.0640530126808,0.337567655788,21,12,pop:sample:587
0,12,40,0.12594823754,43,1.49,0.5,0.17,0.82,117,0.12594823754,RETURNED,0.0640530126808,0.337567655788,21,12,pop:sample:602
0,12,40,0.121827986023,44,1.07,0.58,0.18,0.31,116,0.121827986023,RETURNED,0.0640530126808,0.337567655788,21,12,pop:sample:618
0,12,40,0.121194413433,45,0.83,0.22,0.18,0.43,109,0.12235593004,RETURNED,0.0640530126808,0.337567655788,21,12,pop:sample:631
0,12,40,0.118075442524,46,0.63,0.29,0.17,0.18,110,0.118075442524,RETURNED,0.0640530126808,0.337567655788,21,12,pop:sample:642
0,12,40,0.11766187044,47,1.24,0.73,0.17,0.34,121,0.11766187044,RETURNED,0.0640530126808,0.337567655788,21,12,pop:sample:651
0,12,40,0.108139426732,48,0.73,0.25,0.17,0.3,120,0.110603907405,RETURNED,0.0640530126808,0.337567655788,21,12,pop:sample:661
0,12,40,0.106448933518,49,0.9,0.45,0.17,0.28,92,0.107792135053,RETURNED,0.0640530126808,0.337567655788,21,12,pop:sample:672
0,13,40,531.068367087,0,0.39,0.21,0.07,0.11,208,581.294086074,RETURNED,0.256211811912,0.245530416422,17,25,pop:sample:4
0,13,40,435.092032456,1,0.54,0.13,0.07,0.33,183,458.675168242,RETURNED,0.256211811912,0.245530416422,17,25,pop:sample:11
0,13,40,0.552827461567,2,0.85,0.12,0.27,0.47,186,0.68879065854,RETURNED,0.256211811912,0.245530416422,17,25,pop:sample:18
0,13,40,0.449759255174,3,0.84,0.4,0.29,0.15,179,0.4680751716,RETURNED,0.256211811912,0.245530416422,17,25,pop:sample:26
0,13,40,0.415074845606,4,1.07,0.4,0.32,0.35,204,0.435811539305,RETURNED,0.256211811912,0.245530416422,17,25,pop:sample:30
0,13,40,0.414719013594,5,0.82,0.22,0.31,0.3,200,0.432910977053,RETURNED,0.256211811912,0.245530416422,17,25,pop:sample:38
0,13,40,0.380533585075,6,1.18,0.56,0.3,0.32,199,0.390120963692,RETURNED,0.256211811912,0.245530416422,17,25,pop:sample:44
0,13,40,0.316162162985,7,0.7,0.22,0.31,0.17,197,0.319384614514,RETURNED,0.256211811912,0.245530416422,17,25,pop:sample:51
0,13,40,0.304176096517,8,0.73,0.23,0.31,0.19,197,0.304176096517,RETURNED,0.256211811912,0.245530416422,17,25,pop:sample:57
0,13,40,0.309026495306,9,1.16,0.41,0.32,0.43,189,0.314309096339,RETURNED,0.256211811912,0.245530416422,17,25,pop:sample:64
0,13,40,0.30590475094,10,1.24,0.64,0.31,0.3,195,0.308867767223,RETURNED,0.256211811912,0.245530416422,17,25,pop:sample:71
0,13,40,0.280700371235,11,4.49,4.02,0.3,0.18,175,0.280700371235,RETURNED,0.256211811912,0.245530416422,17,25,pop:sample:79
0,13,40,0.254609365602,12,1.17,0.3,0.32,0.55,203,0.26046079188,RETURNED,0.256211811912,0.245530416422,17,25,pop:sample:103
0,13,40,0.259344207967,13,1.12,0.59,0.31,0.23,194,0.259344207967,RETURNED,0.256211811912,0.245530416422,17,25,pop:sample:121
0,13,40,0.24505693615,14,0.62,0.17,0.32,0.12,203,0.24505693615,RETURNED,0.256211811912,0.245530416422,17,25,pop:sample:140
0,13,40,0.242657131204,15,1.84,0.86,0.31,0.67,199,0.24505693615,RETURNED,0.256211811912,0.245530416422,17,25,pop:sample:148
0,13,40,0.228820356876,16,1.33,0.51,0.32,0.5,195,0.231427864985,RETURNED,0.256211811912,0.245530416422,17,25,pop:sample:171
0,13,40,0.226620249283,17,1.03,0.33,0.32,0.38,202,0.226981351905,RETURNED,0.256211811912,0.245530416422,17,25,pop:sample:190
0,13,40,0.213339812903,18,0.72,0.16,0.32,0.23,215,0.213339812903,RETURNED,0.256211811912,0.245530416422,17,25,pop:sample:202
0,13,40,0.212108907342,19,0.76,0.19,0.31,0.26,183,0.213287555655,RETURNED,0.256211811912,0.245530416422,17,25,pop:sample:215
0,13,40,0.202003334725,20,0.75,0.14,0.31,0.3,199,0.20435654463,RETURNED,0.256211811912,0.245530416422,17,25,pop:sample:225
0,13,40,0.196523470657,21,1.67,1.13,0.31,0.23,179,0.195493334524,RETURNED,0.256211811912,0.245530416422,17,25,pop:sample:238
0,13,40,0.193307548821,22,0.77,0.22,0.31,0.23,186,0.194105278563,RETURNED,0.256211811912,0.245530416422,17,25,pop:sample:249
0,13,40,0.18304843807,23,0.85,0.17,0.32,0.36,200,0.18304843807,RETURNED,0.256211811912,0.245530416422,17,25,pop:sample:264
0,13,40,0.171818063097,24,0.77,0.16,0.32,0.3,199,0.171818063097,RETURNED,0.256211811912,0.245530416422,17,25,pop:sample:280
0,13,40,0.171818063097,25,1.74,0.57,0.32,0.85,200,0.171818063097,RETURNED,0.256211811912,0.245530416422,17,25,pop:sample:293
0,13,40,0.164902015633,26,0.71,0.14,0.32,0.25,188,0.1652420886,RETURNED,0.256211811912,0.245530416422,17,25,pop:sample:313
0,13,40,0.163671476434,27,0.94,0.32,0.31,0.31,195,0.164467818401,RETURNED,0.256211811912,0.245530416422,17,25,pop:sample:325
0,13,40,0.155078104173,28,0.78,0.17,0.31,0.3,191,0.155078104173,RETURNED,0.256211811912,0.245530416422,17,25,pop:sample:340
0,13,40,0.154537369663,29,0.78,0.34,0.31,0.13,195,0.154537369663,RETURNED,0.256211811912,0.245530416422,17,25,pop:sample:354
0,13,40,0.155078104173,30,1.45,0.9,0.31,0.24,196,0.155078104173,RETURNED,0.256211811912,0.245530416422,17,25,pop:sample:364
0,13,40,0.154611038825,31,0.83,0.26,0.33,0.23,226,0.154611038825,RETURNED,0.256211811912,0.245530416422,17,25,pop:sample:384
0,13,40,0.151306744127,32,1.31,0.28,0.3,0.72,176,0.151306744127,RETURNED,0.256211811912,0.245530416422,17,25,pop:sample:394
0,13,40,0.142960217385,33,1.06,0.61,0.32,0.13,201,0.143001474993,RETURNED,0.256211811912,0.245530416422,17,25,pop:sample:417
0,13,40,0.146258563169,34,0.82,0.21,0.32,0.28,224,0.146258563169,RETURNED,0.256211811912,0.245530416422,17,25,pop:sample:432
0,13,40,0.140371977807,35,1.31,0.19,0.33,0.8,225,0.140371977807,RETURNED,0.256211811912,0.245530416422,17,25,pop:sample:447
0,13,40,0.139372079758,36,0.63,0.18,0.31,0.14,198,0.139524678134,RETURNED,0.256211811912,0.245530416422,17,25,pop:sample:468
0,13,40,0.137201127519,37,0.88,0.35,0.3,0.23,172,0.138094444811,RETURNED,0.256211811912,0.245530416422,17,25,pop:sample:476
0,13,40,0.137201127519,38,1.39,0.91,0.31,0.17,194,0.137201127519,RETURNED,0.256211811912,0.245530416422,17,25,pop:sample:494
0,13,40,0.134919372579,39,1.1,0.44,0.32,0.34,213,0.134919372579,RETURNED,0.256211811912,0.245530416422,17,25,pop:sample:512
0,13,40,0.134105718243,40,1.17,0.58,0.32,0.27,193,0.134105718243,RETURNED,0.256211811912,0.245530416422,17,25,pop:sample:530
0,13,40,0.132357458603,41,0.7,0.22,0.33,0.16,199,0.132357458603,RETURNED,0.256211811912,0.245530416422,17,25,pop:sample:550
0,13,40,0.129319541473,42,1.59,0.76,0.3,0.52,186,0.129319541473,RETURNED,0.256211811912,0.245530416422,17,25,pop:sample:569
0,13,40,0.127474142219,43,0.83,0.26,0.35,0.22,211,0.127474142219,RETURNED,0.256211811912,0.245530416422,17,25,pop:sample:582
0,13,40,0.127474142219,44,0.95,0.24,0.32,0.39,186,0.127474142219,RETURNED,0.256211811912,0.245530416422,17,25,pop:sample:596
0,13,40,0.125563073671,45,0.71,0.19,0.31,0.21,177,0.126470752303,RETURNED,0.256211811912,0.245530416422,17,25,pop:sample:605
0,13,40,0.123867201414,46,0.62,0.17,0.31,0.13,214,0.123867201414,RETURNED,0.256211811912,0.245530416422,17,25,pop:sample:614
0,13,40,0.122881389256,47,1.25,0.37,0.32,0.56,192,0.123539404445,RETURNED,0.256211811912,0.245530416422,17,25,pop:sample:622
0,13,40,0.120736553826,48,0.91,0.25,0.32,0.35,212,0.120736553826,RETURNED,0.256211811912,0.245530416422,17,25,pop:sample:634
0,13,40,0.112597405447,49,1.28,0.72,0.32,0.23,208,0.11766187044,RETURNED,0.256211811912,0.245530416422,17,25,pop:sample:649
0,14,40,533.074714873,0,0.39,0.22,0.08,0.09,289,535.263921899,RETURNED,0.327820703129,0.464326349295,20,21,pop:sample:2
0,14,40,415.5676761,1,0.5,0.11,0.07,0.31,276,436.9870446,RETURNED,0.327820703129,0.464326349295,20,21,pop:sample:10
0,14,40,0.4680751716,2,0.7,0.2,0.26,0.24,289,0.597138237539,RETURNED,0.327820703129,0.464326349295,20,21,pop:sample:16
0,14,40,0.465615029893,3,1.14,0.68,0.26,0.2,300,0.476580599005,RETURNED,0.327820703129,0.464326349295,20,21,pop:sample:24
0,14,40,0.401738632033,4,1.53,0.6,0.31,0.62,286,0.415573473999,RETURNED,0.327820703129,0.464326349295,20,21,pop:sample:33
0,14,40,0.401738632033,5,0.74,0.24,0.31,0.19,279,0.401738632033,RETURNED,0.327820703129,0.464326349295,20,21,pop:sample:41
0,14,40,0.365175279455,6,1.04,0.38,0.33,0.33,294,0.365175279455,RETURNED,0.327820703129,0.464326349295,20,21,pop:sample:46
0,14,40,0.340090083698,7,1.05,0.36,0.33,0.36,280,0.340380735858,RETURNED,0.327820703129,0.464326349295,20,21,pop:sample:56
0,14,40,0.300252399076,8,1.38,0.47,0.33,0.58,277,0.300284859705,RETURNED,0.327820703129,0.464326349295,20,21,pop:sample:63
0,14,40,0.278241756684,9,1.45,0.76,0.33,0.37,280,0.284415408952,RETURNED,0.327820703129,0.464326349295,20,21,pop:sample:73
0,14,40,0.265640451027,10,4.6,4.14,0.33,0.13,273,0.271127900038,RETURNED,0.327820703129,0.464326349295,20,21,pop:sample:83
0,14,40,0.256279528872,11,1.12,0.18,0.33,0.61,283,0.258067367243,RETURNED,0.327820703129,0.464326349295,20,21,pop:sample:110
0,14,40,0.250823538933,12,1.32,0.18,0.33,0.81,296,0.256279528872,RETURNED,0.327820703129,0.464326349295,20,21,pop:sample:128
0,14,40,0.231427864985,13,1.8,0.26,0.36,1.18,301,0.231427864985,RETURNED,0.327820703129,0.464326349295,20,21,pop:sample:147
0,14,40,0.220430749561,14,2.12,1.26,0.35,0.51,280,0.226620200734,RETURNED,0.327820703129,0.464326349295,20,21,pop:sample:169
0,14,40,0.211989641042,15,1.55,0.83,0.34,0.39,288,0.213287555655,RETURNED,0.327820703129,0.464326349295,20,21,pop:sample:196
0,14,40,0.196523470657,16,1.16,0.68,0.34,0.14,291,0.20435654463,RETURNED,0.327820703129,0.464326349295,20,21,pop:sample:219
0,14,40,0.20435654463,17,1.76,0.59,0.36,0.81,288,0.20435654463,RETURNED,0.327820703129,0.464326349295,20,21,pop:sample:239
0,14,40,0.18654595213,18,0.91,0.26,0.34,0.31,294,0.187122666692,RETURNED,0.327820703129,0.464326349295,20,21,pop:sample:253
0,14,40,0.173953035945,19,1.26,0.43,0.34,0.5,287,0.180952987065,RETURNED,0.327820703129,0.464326349295,20,21,pop:sample:268
0,14,40,0.171818063097,20,1.39,0.68,0.34,0.37,276,0.171818063097,RETURNED,0.327820703129,0.464326349295,20,21,pop:sample:292
0,14,40,0.168560414186,21,0.85,0.3,0.36,0.19,300,0.168560414186,RETURNED,0.327820703129,0.464326349295,20,21,pop:sample:309
0,14,40,0.157949885155,22,0.88,0.32,0.34,0.22,307,0.157949885155,RETURNED,0.327820703129,0.464326349295,20,21,pop:sample:318
0,14,40,0.155078104173,23,1.09,0.26,0.33,0.5,286,0.155078104173,RETURNED,0.327820703129,0.464326349295,20,21,pop:sample:334
0,14,40,0.155078104173,24,2.08,1.57,0.33,0.18,270,0.155078104173,RETURNED,0.327820703129,0.464326349295,20,21,pop:sample:353
0,14,40,0.152853528088,25,1.38,0.82,0.35,0.21,304,0.154210869172,RETURNED,0.327820703129,0.464326349295,20,21,pop:sample:380
0,14,40,0.14741986074,26,2.35,1.15,0.34,0.85,301,0.14741986074,RETURNED,0.327820703129,0.464326349295,20,21,pop:sample:403
0,14,40,0.140825226469,27,0.79,0.28,0.33,0.18,288,0.142262092477,RETURNED,0.327820703129,0.464326349295,20,21,pop:sample:436
0,14,40,0.140346471839,28,0.67,0.19,0.33,0.15,302,0.140346471839,RETURNED,0.327820703129,0.464326349295,20,21,pop:sample:450
0,14,40,0.14027086635,29,1.21,0.26,0.33,0.62,268,0.14027086635,RETURNED,0.327820703129,0.464326349295,20,21,pop:sample:461
0,14,40,0.138094444811,30,1.63,0.53,0.34,0.76,285,0.138094444811,RETURNED,0.327820703129,0.464326349295,20,21,pop:sample:483
0,14,40,0.132817349,31,1.71,0.47,0.33,0.9,301,0.134105718243,RETURNED,0.327820703129,0.464326349295,20,21,pop:sample:507
0,14,40,0.132357458603,32,0.74,0.2,0.33,0.21,290,0.134097312518,RETURNED,0.327820703129,0.464326349295,20,21,pop:sample:531
0,14,40,0.131841229543,33,0.86,0.31,0.34,0.22,306,0.132415698798,RETURNED,0.327820703129,0.464326349295,20,21,pop:sample:546
0,14,40,0.128111354443,34,0.83,0.37,0.33,0.13,284,0.128111354443,RETURNED,0.327820703129,0.464326349295,20,21,pop:sample:563
0,14,40,0.127474142219,35,1.6,0.99,0.36,0.25,272,0.127474142219,RETURNED,0.327820703129,0.464326349295,20,21,pop:sample:579
0,14,40,0.125925241957,36,1.55,0.22,0.34,0.99,289,0.126124666993,RETURNED,0.327820703129,0.464326349295,20,21,pop:sample:594
0,14,40,0.122443217239,37,0.7,0.21,0.34,0.15,296,0.123140112408,RETURNED,0.327820703129,0.464326349295,20,21,pop:sample:610
0,14,40,0.124509974556,38,1.42,0.54,0.33,0.54,260,0.125276976633,RETURNED,0.327820703129,0.464326349295,20,21,pop:sample:620
0,14,40,0.119773957408,39,1.2,0.51,0.34,0.35,275,0.122665519879,RETURNED,0.327820703129,0.464326349295,20,21,pop:sample:635
0,14,40,0.111646437812,40,1.25,0.66,0.33,0.26,281,0.112686751141,RETURNED,0.327820703129,0.464326349295,20,21,pop:sample:653
0,14,40,0.110041084378,41,0.9,0.19,0.35,0.36,329,0.110041084378,RETURNED,0.327820703129,0.464326349295,20,21,pop:sample:667
0,14,40,0.105292044961,42,1.15,0.63,0.35,0.17,281,0.108139426732,RETURNED,0.327820703129,0.464326349295,20,21,pop:sample:679
0,14,40,0.105292044961,43,1.03,0.41,0.33,0.29,314,0.105292044961,RETURNED,0.327820703129,0.464326349295,20,21,pop:sample:691
0,14,40,0.102378740925,44,1.02,0.49,0.33,0.21,290,0.102421293056,RETURNED,0.327820703129,0.464326349295,20,21,pop:sample:701
0,14,40,0.0995333473759,45,1.0,0.27,0.33,0.41,275,0.102116583023,RETURNED,0.327820703129,0.464326349295,20,21,pop:sample:708
0,14,40,0.0994982895352,46,0.88,0.27,0.32,0.29,267,0.10060613444,RETURNED,0.327820703129,0.464326349295,20,21,pop:sample:718
0,14,40,0.0973466031537,47,0.89,0.42,0.33,0.14,285,0.0981632884884,RETURNED,0.327820703129,0.464326349295,20,21,pop:sample:725
0,14,40,0.0916342943896,48,0.65,0.18,0.33,0.14,288,0.0916342943896,RETURNED,0.327820703129,0.464326349295,20,21,pop:sample:732
0,14,40,0.0916342943896,49,0.68,0.22,0.34,0.12,306,0.0916342943896,RETURNED,0.327820703129,0.464326349295,20,21,pop:sample:736
0,15,40,458.672648176,0,0.38,0.17,0.11,0.1,423,549.877487192,RETURNED,0.512338553385,0.479750018743,23,24,pop:sample:6
0,15,40,0.724416630689,1,0.79,0.13,0.46,0.2,428,0.934058708766,RETURNED,0.512338553385,0.479750018743,23,24,pop:sample:12
0,15,40,0.486280399654,2,0.83,0.22,0.47,0.14,413,0.571307629285,RETURNED,0.512338553385,0.479750018743,23,24,pop:sample:21
0,15,40,0.3997668745,3,1.38,0.49,0.47,0.42,426,0.483638117054,RETURNED,0.512338553385,0.479750018743,23,24,pop:sample:28
0,15,40,0.327837478425,4,1.88,0.9,0.48,0.49,419,0.399850275437,RETURNED,0.512338553385,0.479750018743,23,24,pop:sample:37
0,15,40,0.328497049701,5,1.39,0.56,0.49,0.34,446,0.369642932638,RETURNED,0.512338553385,0.479750018743,23,24,pop:sample:50
0,15,40,0.308268427851,6,1.13,0.45,0.48,0.2,432,0.314253443552,RETURNED,0.512338553385,0.479750018743,23,24,pop:sample:60
0,15,40,0.284351085834,7,1.27,0.29,0.48,0.51,419,0.285308364464,RETURNED,0.512338553385,0.479750018743,23,24,pop:sample:69
0,15,40,0.271127900038,8,1.02,0.28,0.48,0.26,415,0.283492951715,RETURNED,0.512338553385,0.479750018743,23,24,pop:sample:76
0,15,40,0.264719959337,9,3.96,0.22,0.47,3.27,405,0.271127900038,RETURNED,0.512338553385,0.479750018743,23,24,pop:sample:84
0,15,40,0.256178707967,10,1.34,0.22,0.49,0.63,421,0.264820287325,RETURNED,0.512338553385,0.479750018743,23,24,pop:sample:102
0,15,40,0.24505693615,11,1.02,0.36,0.49,0.17,436,0.253185502968,RETURNED,0.512338553385,0.479750018743,23,24,pop:sample:126
0,15,40,0.241510665876,12,0.97,0.26,0.49,0.22,437,0.245504023843,RETURNED,0.512338553385,0.479750018743,23,24,pop:sample:142
0,15,40,0.235855526748,13,0.98,0.26,0.51,0.21,449,0.243710650312,RETURNED,0.512338553385,0.479750018743,23,24,pop:sample:156
0,15,40,0.229845075572,14,1.35,0.33,0.52,0.5,442,0.231068477758,RETURNED,0.512338553385,0.479750018743,23,24,pop:sample:163
0,15,40,0.229017282226,15,2.08,0.8,0.51,0.77,440,0.229998289539,RETURNED,0.512338553385,0.479750018743,23,24,pop:sample:180
0,15,40,0.209709253265,16,1.37,0.44,0.5,0.44,422,0.211765956325,RETURNED,0.512338553385,0.479750018743,23,24,pop:sample:207
0,15,40,0.199279737178,17,1.77,0.73,0.52,0.52,435,0.203361432657,RETURNED,0.512338553385,0.479750018743,23,24,pop:sample:228
0,15,40,0.192044587057,18,1.27,0.46,0.5,0.31,438,0.194732667896,RETURNED,0.512338553385,0.479750018743,23,24,pop:sample:248
0,15,40,0.181122937294,19,1.09,0.4,0.52,0.16,425,0.18654595213,RETURNED,0.512338553385,0.479750018743,23,24,pop:sample:265
0,15,40,0.176304969473,20,0.99,0.23,0.52,0.25,444,0.180241444508,RETURNED,0.512338553385,0.479750018743,23,24,pop:sample:281
0,15,40,0.16839458961,21,1.01,0.26,0.49,0.26,428,0.169312841968,RETURNED,0.512338553385,0.479750018743,23,24,pop:sample:297
0,15,40,0.169256082105,22,1.09,0.2,0.5,0.39,433,0.169256082105,RETURNED,0.512338553385,0.479750018743,23,24,pop:sample:312
0,15,40,0.155078104173,23,1.09,0.31,0.5,0.28,419,0.155078104173,RETURNED,0.512338553385,0.479750018743,23,24,pop:sample:328
0,15,40,0.155078104173,24,1.5,0.82,0.48,0.21,438,0.155078104173,RETURNED,0.512338553385,0.479750018743,23,24,pop:sample:348
0,15,40,0.151724213486,25,1.31,0.21,0.48,0.61,428,0.154210869172,RETURNED,0.512338553385,0.479750018743,23,24,pop:sample:367
0,15,40,0.147631089698,26,1.12,0.33,0.48,0.31,436,0.148541131641,RETURNED,0.512338553385,0.479750018743,23,24,pop:sample:385
0,15,40,0.143382471915,27,1.02,0.24,0.48,0.3,421,0.14741986074,RETURNED,0.512338553385,0.479750018743,23,24,pop:sample:406
0,15,40,0.145301457237,28,1.07,0.28,0.48,0.31,424,0.145703679097,RETURNED,0.512338553385,0.479750018743,23,24,pop:sample:421
0,15,40,0.143246577356,29,0.98,0.26,0.49,0.23,421,0.143827489038,RETURNED,0.512338553385,0.479750018743,23,24,pop:sample:434
0,15,40,0.14027086635,30,1.69,1.02,0.48,0.18,431,0.141604950473,RETURNED,0.512338553385,0.479750018743,23,24,pop:sample:454
0,15,40,0.137837071522,31,1.23,0.5,0.5,0.24,424,0.137837071522,RETURNED,0.512338553385,0.479750018743,23,24,pop:sample:478
0,15,40,0.136170335863,32,1.78,0.73,0.48,0.57,423,0.136172084706,RETURNED,0.512338553385,0.479750018743,23,24,pop:sample:497
0,15,40,0.133777033294,33,1.32,0.61,0.49,0.22,430,0.133993327785,RETURNED,0.512338553385,0.479750018743,23,24,pop:sample:524
0,15,40,0.13225308351,34,1.13,0.45,0.49,0.19,423,0.132899051052,RETURNED,0.512338553385,0.479750018743,23,24,pop:sample:549
0,15,40,0.127018517201,35,2.12,1.38,0.54,0.2,453,0.128111354443,RETURNED,0.512338553385,0.479750018743,23,24,pop:sample:570
0,15,40,0.124454568637,36,1.71,0.29,0.48,0.94,419,0.12714147258,RETURNED,0.512338553385,0.479750018743,23,24,pop:sample:595
0,15,40,0.122665519879,37,1.0,0.3,0.48,0.22,435,0.123867201414,RETURNED,0.512338553385,0.479750018743,23,24,pop:sample:613
0,15,40,0.11766187044,38,1.41,0.67,0.49,0.24,421,0.11766187044,RETURNED,0.512338553385,0.479750018743,23,24,pop:sample:628
0,15,40,0.113455717272,39,1.03,0.33,0.49,0.21,448,0.11766187044,RETURNED,0.512338553385,0.479750018743,23,24,pop:sample:645
0,15,40,0.114040785692,40,1.25,0.36,0.5,0.39,444,0.116310845262,RETURNED,0.512338553385,0.479750018743,23,24,pop:sample:657
0,15,40,0.106474578914,41,1.33,0.22,0.48,0.63,452,0.108139426732,RETURNED,0.512338553385,0.479750018743,23,24,pop:sample:670
0,15,40,0.104506544263,42,1.2,0.34,0.48,0.38,420,0.104506544263,RETURNED,0.512338553385,0.479750018743,23,24,pop:sample:685
0,15,40,0.101952778644,43,1.23,0.54,0.49,0.2,442,0.102229460558,RETURNED,0.512338553385,0.479750018743,23,24,pop:sample:697
0,15,40,0.10060613444,44,1.02,0.19,0.48,0.35,422,0.102116583023,RETURNED,0.512338553385,0.479750018743,23,24,pop:sample:707
0,15,40,0.100527974796,45,0.85,0.21,0.49,0.15,424,0.100527974796,RETURNED,0.512338553385,0.479750018743,23,24,pop:sample:717
0,15,40,0.0980759765986,46,1.0,0.24,0.48,0.28,436,0.0995333473759,RETURNED,0.512338553385,0.479750018743,23,24,pop:sample:723
0,15,40,0.0916342943896,47,1.16,0.5,0.48,0.19,424,0.0916342943896,RETURNED,0.512338553385,0.479750018743,23,24,pop:sample:731
0,15,40,0.0938573745413,48,1.01,0.38,0.48,0.15,425,0.0947008487768,RETURNED,0.512338553385,0.479750018743,23,24,pop:sample:741
0,15,40,0.0926076963348,49,1.31,0.66,0.48,0.17,416,0.0927255823567,RETURNED,0.512338553385,0.479750018743,23,24,pop:sample:748
