0,2.74,0.06
0,0,128,112.0,0,0.23,0.02,0.19,0.02,870,78.0,RETURNED,0.2,0.5,24,60,pop:sample:1
0,0,128,117.0,1,0.23,0.02,0.18,0.02,890,113.0,RETURNED,0.2,0.5,24,60,pop:sample:4
0,0,128,121.0,2,0.23,0.02,0.18,0.02,891,120.0,RETURNED,0.2,0.5,24,60,pop:sample:5
0,0,128,124.0,3,0.22,0.02,0.18,0.02,925,124.0,RETURNED,0.2,0.5,24,60,pop:sample:7
0,0,128,126.0,4,0.22,0.02,0.19,0.01,928,124.0,RETURNED,0.2,0.5,24,60,pop:sample:9
0,0,128,126.0,5,0.23,0.03,0.19,0.01,901,126.0,RETURNED,0.2,0.5,24,60,pop:sample:11
0,0,128,127.0,6,0.23,0.02,0.19,0.02,882,127.0,RETURNED,0.2,0.5,24,60,pop:sample:13
0,0,128,127.0,7,0.22,0.02,0.18,0.01,906,127.0,RETURNED,0.2,0.5,24,60,pop:sample:15
0,0,128,127.0,8,0.22,0.03,0.18,0.01,870,127.0,RETURNED,0.2,0.5,24,60,pop:sample:17
0,0,128,127.0,9,0.23,0.02,0.19,0.02,882,127.0,RETURNED,0.2,0.5,24,60,pop:sample:19
0,0,128,127.0,10,0.22,0.02,0.18,0.01,907,127.0,RETURNED,0.2,0.5,24,60,pop:sample:21
0,0,128,127.0,11,0.22,0.02,0.18,0.02,912,127.0,RETURNED,0.2,0.5,24,60,pop:sample:23
0,1,128,111.0,0,0.23,0.02,0.19,0.02,876,80.0,RETURNED,0.2,0.5,24,60,pop:sample:2
0,1,128,119.0,1,0.23,0.02,0.19,0.02,864,112.0,RETURNED,0.2,0.5,24,60,pop:sample:3
0,1,128,124.0,2,0.23,0.02,0.19,0.02,880,119.0,RETURNED,0.2,0.5,24,60,pop:sample:6
0,1,128,124.0,3,0.23,0.02,0.19,0.02,884,124.0,RETURNED,0.2,0.5,24,60,pop:sample:8
0,1,128,124.0,4,0.23,0.02,0.19,0.02,881,124.0,RETURNED,0.2,0.5,24,60,pop:sample:10
0,1,128,127.0,5,0.23,0.02,0.19,0.02,892,126.0,RETURNED,0.2,0.5,24,60,pop:sample:12
0,1,128,127.0,6,0.23,0.02,0.19,0.02,834,127.0,RETURNED,0.2,0.5,24,60,pop:sample:14
0,1,128,127.0,7,0.23,0.02,0.19,0.02,884,127.0,RETURNED,0.2,0.5,24,60,pop:sample:16
0,1,128,127.0,8,0.22,0.02,0.19,0.02,858,127.0,RETURNED,0.2,0.5,24,60,pop:sample:18
0,1,128,127.0,9,0.23,0.02,0.19,0.02,850,127.0,RETURNED,0.2,0.5,24,60,pop:sample:20
0,1,128,127.0,10,0.22,0.02,0.19,0.02,873,127.0,RETURNED,0.2,0.5,24,60,pop:sample:22
0,1,128,128.0,11,0.14,0.02,0.11,0.01,502,127.0,RETURNED,0.2,0.5,24,60,pop:sample:24
1,2.32,0.05
1,0,128,112.0,0,0.23,0.02,0.19,0.02,834,83.0,RETURNED,0.2,0.5,24,60,pop:sample:1
1,0,128,117.0,1,0.23,0.02,0.19,0.02,876,113.0,RETURNED,0.2,0.5,24,60,pop:sample:3
1,0,128,121.0,2,0.23,0.02,0.19,0.02,909,120.0,RETURNED,0.2,0.5,24,60,pop:sample:5
1,0,128,123.0,3,0.23,0.02,0.19,0.02,881,122.0,RETURNED,0.2,0.5,24,60,pop:sample:7
1,0,128,123.0,4,0.23,0.02,0.18,0.02,855,123.0,RETURNED,0.2,0.5,24,60,pop:sample:9
1,0,128,123.0,5,0.23,0.02,0.19,0.02,905,123.0,RETURNED,0.2,0.5,24,60,pop:sample:11
1,0,128,125.0,6,0.23,0.02,0.19,0.02,878,124.0,RETURNED,0.2,0.5,24,60,pop:sample:13
1,0,128,127.0,7,0.23,0.02,0.18,0.02,863,127.0,RETURNED,0.2,0.5,24,60,pop:sample:15
1,0,128,127.0,8,0.23,0.02,0.19,0.02,909,127.0,RETURNED,0.2,0.5,24,60,pop:sample:17
1,0,128,128.0,9,0.05,0.02,0.01,0.01,69,127.0,RETURNED,0.2,0.5,24,60,pop:sample:19
1,1,128,105.0,0,0.23,0.02,0.19,0.02,874,71.0,RETURNED,0.2,0.5,24,60,pop:sample:2
1,1,128,120.0,1,0.23,0.02,0.19,0.02,837,112.0,RETURNED,0.2,0.5,24,60,pop:sample:4
1,1,128,122.0,2,0.23,0.02,0.18,0.02,869,121.0,RETURNED,0.2,0.5,24,60,pop:sample:6
1,1,128,122.0,3,0.23,0.02,0.19,0.02,907,122.0,RETURNED,0.2,0.5,24,60,pop:sample:8
1,1,128,123.0,4,0.23,0.03,0.19,0.02,855,123.0,RETURNED,0.2,0.5,24,60,pop:sample:10
1,1,128,124.0,5,0.23,0.02,0.19,0.02,875,123.0,RETURNED,0.2,0.5,24,60,pop:sample:12
1,1,128,126.0,6,0.23,0.02,0.19,0.02,883,124.0,RETURNED,0.2,0.5,24,60,pop:sample:14
1,1,128,127.0,7,0.23,0.02,0.19,0.02,880,127.0,RETURNED,0.2,0.5,24,60,pop:sample:16
1,1,128,127.0,8,0.23,0.02,0.19,0.02,851,127.0,RETURNED,0.2,0.5,24,60,pop:sample:18
1,1,128,127.0,9,0.22,0.02,0.18,0.01,838,127.0,RETURNED,0.2,0.5,24,60,pop:sample:20
2,1.70,0.05
2,0,128,115.0,0,0.23,0.02,0.19,0.02,891,74.0,RETURNED,0.2,0.5,24,60,pop:sample:1
2,0,128,121.0,1,0.23,0.02,0.19,0.02,882,115.0,RETURNED,0.2,0.5,24,60,pop:sample:3
2,0,128,123.0,2,0.23,0.02,0.19,0.02,879,122.0,RETURNED,0.2,0.5,24,60,pop:sample:5
2,0,128,123.0,3,0.23,0.02,0.18,0.02,911,123.0,RETURNED,0.2,0.5,24,60,pop:sample:8
2,0,128,125.0,4,0.23,0.02,0.19,0.02,901,125.0,RETURNED,0.2,0.5,24,60,pop:sample:9
2,0,128,126.0,5,0.23,0.02,0.19,0.02,892,126.0,RETURNED,0.2,0.5,24,60,pop:sample:11
2,0,128,127.0,6,0.23,0.02,0.19,0.02,893,126.0,RETURNED,0.2,0.5,24,60,pop:sample:13
2,0,128,128.0,7,0.05,0.02,0.01,0.02,51,127.0,RETURNED,0.2,0.5,24,60,pop:sample:16
2,1,128,107.0,0,0.24,0.02,0.19,0.02,893,77.0,RETURNED,0.2,0.5,24,60,pop:sample:2
2,1,128,119.0,1,0.23,0.02,0.19,0.02,881,115.0,RETURNED,0.2,0.5,24,60,pop:sample:4
2,1,128,123.0,2,0.23,0.02,0.19,0.02,950,123.0,RETURNED,0.2,0.5,24,60,pop:sample:6
2,1,128,125.0,3,0.23,0.02,0.18,0.02,851,123.0,RETURNED,0.2,0.5,24,60,pop:sample:7
2,1,128,126.0,4,0.23,0.02,0.19,0.02,911,125.0,RETURNED,0.2,0.5,24,60,pop:sample:10
2,1,128,126.0,5,0.24,0.02,0.19,0.02,873,126.0,RETURNED,0.2,0.5,24,60,pop:sample:12
2,1,128,127.0,6,0.23,0.02,0.19,0.02,867,126.0,RETURNED,0.2,0.5,24,60,pop:sample:14
2,1,128,128.0,7,0.05,0.02,0.01,0.02,54,127.0,RETURNED,0.2,0.5,24,60,pop:sample:15
3,0.99,0.05
3,0,128,112.0,0,0.23,0.02,0.19,0.02,915,81.0,RETURNED,0.2,0.5,24,60,pop:sample:1
3,0,128,123.0,1,0.23,0.02,0.19,0.02,877,115.0,RETURNED,0.2,0.5,24,60,pop:sample:4
3,0,128,125.0,2,0.23,0.02,0.19,0.02,900,123.0,RETURNED,0.2,0.5,24,60,pop:sample:6
3,0,128,127.0,3,0.23,0.02,0.19,0.02,863,126.0,RETURNED,0.2,0.5,24,60,pop:sample:8
3,0,128,128.0,4,0.04,0.02,0.0,0.02,42,128.0,RETURNED,0.2,0.5,24,60,pop:sample:10
3,1,128,114.0,0,0.23,0.02,0.19,0.02,863,77.0,RETURNED,0.2,0.5,24,60,pop:sample:2
3,1,128,117.0,1,0.23,0.02,0.18,0.02,863,115.0,RETURNED,0.2,0.5,24,60,pop:sample:3
3,1,128,124.0,2,0.23,0.02,0.18,0.02,847,123.0,RETURNED,0.2,0.5,24,60,pop:sample:5
3,1,128,127.0,3,0.23,0.02,0.19,0.02,860,125.0,RETURNED,0.2,0.5,24,60,pop:sample:7
3,1,128,128.0,4,0.05,0.02,0.01,0.02,83,127.0,RETURNED,0.2,0.5,24,60,pop:sample:9
4,2.32,0.05
4,0,128,112.0,0,0.23,0.02,0.19,0.02,909,77.0,RETURNED,0.2,0.5,24,60,pop:sample:1
4,0,128,120.0,1,0.23,0.02,0.19,0.02,904,117.0,RETURNED,0.2,0.5,24,60,pop:sample:3
4,0,128,122.0,2,0.23,0.02,0.18,0.02,914,120.0,RETURNED,0.2,0.5,24,60,pop:sample:5
4,0,128,125.0,3,0.23,0.02,0.19,0.02,908,123.0,RETURNED,0.2,0.5,24,60,pop:sample:7
4,0,128,127.0,4,0.23,0.02,0.18,0.02,890,126.0,RETURNED,0.2,0.5,24,60,pop:sample:9
4,0,128,127.0,5,0.23,0.02,0.19,0.02,859,127.0,RETURNED,0.2,0.5,24,60,pop:sample:11
4,0,128,127.0,6,0.23,0.02,0.19,0.02,879,127.0,RETURNED,0.2,0.5,24,60,pop:sample:13
4,0,128,127.0,7,0.23,0.02,0.19,0.02,877,127.0,RETURNED,0.2,0.5,24,60,pop:sample:16
4,0,128,127.0,8,0.23,0.02,0.19,0.02,866,127.0,RETURNED,0.2,0.5,24,60,pop:sample:18
4,0,128,128.0,9,0.19,0.02,0.15,0.01,718,127.0,RETURNED,0.2,0.5,24,60,pop:sample:20
4,1,128,113.0,0,0.23,0.02,0.19,0.02,892,82.0,RETURNED,0.2,0.5,24,60,pop:sample:2
4,1,128,116.0,1,0.23,0.02,0.19,0.02,929,113.0,RETURNED,0.2,0.5,24,60,pop:sample:4
4,1,128,122.0,2,0.23,0.02,0.19,0.02,885,121.0,RETURNED,0.2,0.5,24,60,pop:sample:6
4,1,128,125.0,3,0.23,0.02,0.19,0.02,879,122.0,RETURNED,0.2,0.5,24,60,pop:sample:8
4,1,128,127.0,4,0.23,0.02,0.19,0.02,883,126.0,RETURNED,0.2,0.5,24,60,pop:sample:10
4,1,128,127.0,5,0.23,0.02,0.18,0.02,836,127.0,RETURNED,0.2,0.5,24,60,pop:sample:12
4,1,128,127.0,6,0.23,0.02,0.19,0.02,915,127.0,RETURNED,0.2,0.5,24,60,pop:sample:14
4,1,128,127.0,7,0.23,0.02,0.19,0.02,873,127.0,RETURNED,0.2,0.5,24,60,pop:sample:15
4,1,128,127.0,8,0.23,0.02,0.19,0.02,893,127.0,RETURNED,0.2,0.5,24,60,pop:sample:17
4,1,128,127.0,9,0.22,0.02,0.19,0.01,922,127.0,RETURNED,0.2,0.5,24,60,pop:sample:19
5,2.54,0.05
5,0,128,110.0,0,0.23,0.02,0.19,0.02,866,75.0,RETURNED,0.2,0.5,24,60,pop:sample:2
5,0,128,118.0,1,0.23,0.02,0.19,0.02,874,111.0,RETURNED,0.2,0.5,24,60,pop:sample:4
5,0,128,125.0,2,0.23,0.02,0.19,0.02,910,120.0,RETURNED,0.2,0.5,24,60,pop:sample:6
5,0,128,125.0,3,0.23,0.02,0.18,0.02,925,125.0,RETURNED,0.2,0.5,24,60,pop:sample:8
5,0,128,125.0,4,0.23,0.02,0.19,0.02,891,125.0,RETURNED,0.2,0.5,24,60,pop:sample:9
5,0,128,126.0,5,0.23,0.02,0.19,0.02,908,125.0,RETURNED,0.2,0.5,24,60,pop:sample:11
5,0,128,127.0,6,0.23,0.02,0.19,0.02,886,126.0,RETURNED,0.2,0.5,24,60,pop:sample:13
5,0,128,127.0,7,0.23,0.02,0.18,0.02,864,127.0,RETURNED,0.2,0.5,24,60,pop:sample:16
5,0,128,127.0,8,0.23,0.02,0.19,0.02,909,127.0,RETURNED,0.2,0.5,24,60,pop:sample:18
5,0,128,127.0,9,0.23,0.02,0.19,0.02,888,127.0,RETURNED,0.2,0.5,24,60,pop:sample:20
5,0,128,128.0,10,0.07,0.02,0.03,0.01,175,127.0,RETURNED,0.2,0.5,24,60,pop:sample:22
5,1,128,109.0,0,0.23,0.02,0.19,0.02,954,71.0,RETURNED,0.2,0.5,24,60,pop:sample:1
5,1,128,116.0,1,0.23,0.02,0.18,0.02,903,110.0,RETURNED,0.2,0.5,24,60,pop:sample:3
5,1,128,119.0,2,0.23,0.02,0.18,0.02,891,118.0,RETURNED,0.2,0.5,24,60,pop:sample:5
5,1,128,125.0,3,0.23,0.02,0.18,0.02,886,125.0,RETURNED,0.2,0.5,24,60,pop:sample:7
5,1,128,125.0,4,0.23,0.02,0.19,0.02,908,125.0,RETURNED,0.2,0.5,24,60,pop:sample:10
5,1,128,125.0,5,0.23,0.02,0.19,0.02,867,125.0,RETURNED,0.2,0.5,24,60,pop:sample:12
5,1,128,126.0,6,0.23,0.02,0.19,0.02,868,126.0,RETURNED,0.2,0.5,24,60,pop:sample:14
5,1,128,127.0,7,0.23,0.02,0.18,0.02,892,127.0,RETURNED,0.2,0.5,24,60,pop:sample:15
5,1,128,127.0,8,0.23,0.02,0.19,0.02,900,127.0,RETURNED,0.2,0.5,24,60,pop:sample:17
5,1,128,127.0,9,0.23,0.02,0.19,0.02,916,127.0,RETURNED,0.2,0.5,24,60,pop:sample:19
5,1,128,127.0,10,0.22,0.02,0.18,0.01,883,127.0,RETURNED,0.2,0.5,24,60,pop:sample:21
6,2.80,0.05
6,0,128,109.0,0,0.23,0.02,0.19,0.02,896,76.0,RETURNED,0.2,0.5,24,60,pop:sample:1
6,0,128,120.0,1,0.23,0.02,0.19,0.02,923,111.0,RETURNED,0.2,0.5,24,60,pop:sample:4
6,0,128,122.0,2,0.23,0.02,0.19,0.02,921,120.0,RETURNED,0.2,0.5,24,60,pop:sample:5
6,0,128,124.0,3,0.23,0.02,0.19,0.02,871,122.0,RETURNED,0.2,0.5,24,60,pop:sample:7
6,0,128,124.0,4,0.23,0.02,0.19,0.02,874,124.0,RETURNED,0.2,0.5,24,60,pop:sample:9
6,0,128,126.0,5,0.23,0.02,0.19,0.02,886,125.0,RETURNED,0.2,0.5,24,60,pop:sample:11
6,0,128,126.0,6,0.23,0.02,0.19,0.02,932,126.0,RETURNED,0.2,0.5,24,60,pop:sample:13
6,0,128,127.0,7,0.23,0.02,0.19,0.03,848,127.0,RETURNED,0.2,0.5,24,60,pop:sample:15
6,0,128,127.0,8,0.23,0.02,0.19,0.02,899,127.0,RETURNED,0.2,0.5,24,60,pop:sample:17
6,0,128,127.0,9,0.23,0.02,0.19,0.02,903,127.0,RETURNED,0.2,0.5,24,60,pop:sample:19
6,0,128,127.0,10,0.23,0.02,0.19,0.02,912,127.0,RETURNED,0.2,0.5,24,60,pop:sample:21
6,0,128,127.0,11,0.22,0.02,0.19,0.01,888,127.0,RETURNED,0.2,0.5,24,60,pop:sample:23
6,1,128,112.0,0,0.23,0.02,0.19,0.02,924,76.0,RETURNED,0.2,0.5,24,60,pop:sample:2
6,1,128,117.0,1,0.23,0.02,0.19,0.02,848,111.0,RETURNED,0.2,0.5,24,60,pop:sample:3
6,1,128,120.0,2,0.23,0.02,0.19,0.02,893,119.0,RETURNED,0.2,0.5,24,60,pop:sample:6
6,1,128,123.0,3,0.23,0.02,0.19,0.02,917,122.0,RETURNED,0.2,0.5,24,60,pop:sample:8
6,1,128,125.0,4,0.23,0.02,0.19,0.02,909,124.0,RETURNED,0.2,0.5,24,60,pop:sample:10
6,1,128,125.0,5,0.23,0.02,0.19,0.02,905,125.0,RETURNED,0.2,0.5,24,60,pop:sample:12
6,1,128,127.0,6,0.23,0.02,0.19,0.02,900,126.0,RETURNED,0.2,0.5,24,60,pop:sample:14
6,1,128,127.0,7,0.23,0.02,0.19,0.03,902,127.0,RETURNED,0.2,0.5,24,60,pop:sample:16
6,1,128,127.0,8,0.23,0.02,0.19,0.02,916,127.0,RETURNED,0.2,0.5,24,60,pop:sample:18
6,1,128,127.0,9,0.23,0.02,0.19,0.02,854,127.0,RETURNED,0.2,0.5,24,60,pop:sample:20
6,1,128,127.0,10,0.23,0.02,0.19,0.02,938,127.0,RETURNED,0.2,0.5,24,60,pop:sample:22
6,1,128,128.0,11,0.18,0.02,0.14,0.01,650,127.0,RETURNED,0.2,0.5,24,60,pop:sample:24
7,1.86,0.05
7,0,128,111.0,0,0.23,0.02,0.19,0.02,934,74.0,RETURNED,0.2,0.5,24,60,pop:sample:1
7,0,128,120.0,1,0.23,0.02,0.19,0.02,866,113.0,RETURNED,0.2,0.5,24,60,pop:sample:3
7,0,128,123.0,2,0.23,0.02,0.18,0.02,923,120.0,RETURNED,0.2,0.5,24,60,pop:sample:5
7,0,128,124.0,3,0.23,0.02,0.19,0.02,884,123.0,RETURNED,0.2,0.5,24,60,pop:sample:7
7,0,128,124.0,4,0.23,0.03,0.19,0.02,859,124.0,RETURNED,0.2,0.5,24,60,pop:sample:9
7,0,128,124.0,5,0.23,0.02,0.19,0.02,863,124.0,RETURNED,0.2,0.5,24,60,pop:sample:11
7,0,128,124.0,6,0.23,0.02,0.19,0.02,870,124.0,RETURNED,0.2,0.5,24,60,pop:sample:14
7,0,128,127.0,7,0.22,0.02,0.19,0.01,878,127.0,RETURNED,0.2,0.5,24,60,pop:sample:16
7,1,128,111.0,0,0.23,0.02,0.19,0.02,898,76.0,RETURNED,0.2,0.5,24,60,pop:sample:2
7,1,128,115.0,1,0.23,0.02,0.19,0.02,894,113.0,RETURNED,0.2,0.5,24,60,pop:sample:4
7,1,128,122.0,2,0.23,0.02,0.19,0.02,851,120.0,RETURNED,0.2,0.5,24,60,pop:sample:6
7,1,128,124.0,3,0.23,0.02,0.19,0.02,891,123.0,RETURNED,0.2,0.5,24,60,pop:sample:8
7,1,128,124.0,4,0.24,0.02,0.19,0.02,877,124.0,RETURNED,0.2,0.5,24,60,pop:sample:10
7,1,128,125.0,5,0.23,0.02,0.19,0.02,899,124.0,RETURNED,0.2,0.5,24,60,pop:sample:12
7,1,128,127.0,6,0.23,0.02,0.19,0.02,918,125.0,RETURNED,0.2,0.5,24,60,pop:sample:13
7,1,128,128.0,7,0.09,0.02,0.06,0.01,304,127.0,RETURNED,0.2,0.5,24,60,pop:sample:15
8,1.24,0.05
8,0,128,109.0,0,0.24,0.03,0.19,0.02,902,77.0,RETURNED,0.2,0.5,24,60,pop:sample:1
8,0,128,115.0,1,0.23,0.02,0.19,0.02,863,109.0,RETURNED,0.2,0.5,24,60,pop:sample:4
8,0,128,119.0,2,0.23,0.02,0.19,0.02,903,117.0,RETURNED,0.2,0.5,24,60,pop:sample:6
8,0,128,125.0,3,0.23,0.02,0.19,0.02,883,123.0,RETURNED,0.2,0.5,24,60,pop:sample:8
8,0,128,125.0,4,0.23,0.02,0.19,0.02,876,125.0,RETURNED,0.2,0.5,24,60,pop:sample:10
8,0,128,128.0,5,0.06,0.02,0.02,0.02,107,127.0,RETURNED,0.2,0.5,24,60,pop:sample:12
8,1,128,108.0,0,0.23,0.03,0.19,0.02,892,76.0,RETURNED,0.2,0.5,24,60,pop:sample:2
8,1,128,115.0,1,0.23,0.02,0.19,0.02,871,109.0,RETURNED,0.2,0.5,24,60,pop:sample:3
8,1,128,123.0,2,0.23,0.02,0.19,0.02,928,117.0,RETURNED,0.2,0.5,24,60,pop:sample:5
8,1,128,123.0,3,0.23,0.02,0.19,0.02,909,123.0,RETURNED,0.2,0.5,24,60,pop:sample:7
8,1,128,127.0,4,0.23,0.02,0.19,0.02,915,125.0,RETURNED,0.2,0.5,24,60,pop:sample:9
8,1,128,128.0,5,0.07,0.02,0.03,0.02,170,127.0,RETURNED,0.2,0.5,24,60,pop:sample:11
9,2.09,0.05
9,0,128,112.0,0,0.23,0.02,0.19,0.02,899,77.0,RETURNED,0.2,0.5,24,60,pop:sample:1
9,0,128,117.0,1,0.23,0.02,0.19,0.02,910,112.0,RETURNED,0.2,0.5,24,60,pop:sample:3
9,0,128,123.0,2,0.23,0.02,0.18,0.02,912,119.0,RETURNED,0.2,0.5,24,60,pop:sample:5
9,0,128,126.0,3,0.23,0.02,0.19,0.02,867,126.0,RETURNED,0.2,0.5,24,60,pop:sample:7
9,0,128,127.0,4,0.23,0.02,0.19,0.02,913,126.0,RETURNED,0.2,0.5,24,60,pop:sample:10
9,0,128,127.0,5,0.23,0.02,0.19,0.02,928,127.0,RETURNED,0.2,0.5,24,60,pop:sample:11
9,0,128,127.0,6,0.23,0.02,0.19,0.02,921,127.0,RETURNED,0.2,0.5,24,60,pop:sample:13
9,0,128,127.0,7,0.24,0.02,0.19,0.02,899,127.0,RETURNED,0.2,0.5,24,60,pop:sample:15
9,0,128,128.0,8,0.1,0.02,0.06,0.01,311,127.0,RETURNED,0.2,0.5,24,60,pop:sample:17
9,1,128,108.0,0,0.23,0.02,0.19,0.02,904,76.0,RETURNED,0.2,0.5,24,60,pop:sample:2
9,1,128,119.0,1,0.23,0.02,0.19,0.02,876,112.0,RETURNED,0.2,0.5,24,60,pop:sample:4
9,1,128,123.0,2,0.23,0.02,0.18,0.02,890,119.0,RETURNED,0.2,0.5,24,60,pop:sample:6
9,1,128,126.0,3,0.23,0.02,0.18,0.02,915,124.0,RETURNED,0.2,0.5,24,60,pop:sample:8
9,1,128,126.0,4,0.23,0.02,0.19,0.02,887,126.0,RETURNED,0.2,0.5,24,60,pop:sample:9
9,1,128,127.0,5,0.23,0.02,0.19,0.02,886,127.0,RETURNED,0.2,0.5,24,60,pop:sample:12
9,1,128,127.0,6,0.23,0.02,0.19,0.02,869,127.0,RETURNED,0.2,0.5,24,60,pop:sample:14
9,1,128,127.0,7,0.24,0.02,0.19,0.02,868,127.0,RETURNED,0.2,0.5,24,60,pop:sample:16
9,1,128,127.0,8,0.22,0.02,0.19,0.01,854,127.0,RETURNED,0.2,0.5,24,60,pop:sample:18
10,0.94,0.05
10,0,128,112.0,0,0.24,0.03,0.19,0.02,868,82.0,RETURNED,0.2,0.5,24,60,pop:sample:1
10,0,128,126.0,1,0.23,0.03,0.19,0.02,917,113.0,RETURNED,0.2,0.5,24,60,pop:sample:4
10,0,128,127.0,2,0.23,0.02,0.19,0.02,890,126.0,RETURNED,0.2,0.5,24,60,pop:sample:5
10,0,128,128.0,3,0.1,0.02,0.06,0.01,292,127.0,RETURNED,0.2,0.5,24,60,pop:sample:8
10,1,128,111.0,0,0.24,0.02,0.19,0.02,904,79.0,RETURNED,0.2,0.5,24,60,pop:sample:2
10,1,128,119.0,1,0.23,0.02,0.19,0.02,880,115.0,RETURNED,0.2,0.5,24,60,pop:sample:3
10,1,128,126.0,2,0.23,0.02,0.18,0.02,894,126.0,RETURNED,0.2,0.5,24,60,pop:sample:6
10,1,128,127.0,3,0.23,0.03,0.19,0.01,919,127.0,RETURNED,0.2,0.5,24,60,pop:sample:7
11,3.45,0.05
11,0,128,110.0,0,0.23,0.02,0.19,0.02,886,75.0,RETURNED,0.2,0.5,24,60,pop:sample:1
11,0,128,117.0,1,0.23,0.02,0.19,0.02,904,108.0,RETURNED,0.2,0.5,24,60,pop:sample:3
11,0,128,123.0,2,0.23,0.02,0.18,0.02,860,120.0,RETURNED,0.2,0.5,24,60,pop:sample:5
11,0,128,125.0,3,0.23,0.02,0.19,0.02,903,123.0,RETURNED,0.2,0.5,24,60,pop:sample:7
11,0,128,125.0,4,0.23,0.02,0.19,0.02,943,125.0,RETURNED,0.2,0.5,24,60,pop:sample:9
11,0,128,126.0,5,0.23,0.02,0.19,0.02,870,126.0,RETURNED,0.2,0.5,24,60,pop:sample:12
11,0,128,126.0,6,0.23,0.02,0.19,0.02,912,126.0,RETURNED,0.2,0.5,24,60,pop:sample:14
11,0,128,127.0,7,0.23,0.02,0.19,0.02,857,126.0,RETURNED,0.2,0.5,24,60,pop:sample:16
11,0,128,127.0,8,0.23,0.02,0.19,0.02,868,127.0,RETURNED,0.2,0.5,24,60,pop:sample:18
11,0,128,127.0,9,0.23,0.02,0.19,0.02,923,127.0,RETURNED,0.2,0.5,24,60,pop:sample:20
11,0,128,127.0,10,0.22,0.02,0.19,0.02,872,127.0,RETURNED,0.2,0.5,24,60,pop:sample:22
11,0,128,127.0,11,0.23,0.02,0.19,0.02,899,127.0,RETURNED,0.2,0.5,24,60,pop:sample:24
11,0,128,127.0,12,0.22,0.02,0.19,0.02,898,127.0,RETURNED,0.2,0.5,24,60,pop:sample:26
11,0,128,127.0,13,0.22,0.02,0.19,0.02,866,127.0,RETURNED,0.2,0.5,24,60,pop:sample:28
11,0,128,127.0,14,0.22,0.02,0.19,0.01,863,127.0,RETURNED,0.2,0.5,24,60,pop:sample:30
11,1,128,108.0,0,0.23,0.02,0.19,0.02,863,75.0,RETURNED,0.2,0.5,24,60,pop:sample:2
11,1,128,120.0,1,0.23,0.02,0.19,0.02,950,111.0,RETURNED,0.2,0.5,24,60,pop:sample:4
11,1,128,121.0,2,0.23,0.02,0.18,0.02,894,120.0,RETURNED,0.2,0.5,24,60,pop:sample:6
11,1,128,123.0,3,0.23,0.02,0.19,0.02,906,123.0,RETURNED,0.2,0.5,24,60,pop:sample:8
11,1,128,126.0,4,0.23,0.02,0.18,0.02,869,125.0,RETURNED,0.2,0.5,24,60,pop:sample:10
11,1,128,126.0,5,0.23,0.02,0.18,0.02,901,126.0,RETURNED,0.2,0.5,24,60,pop:sample:11
11,1,128,126.0,6,0.23,0.02,0.19,0.02,884,126.0,RETURNED,0.2,0.5,24,60,pop:sample:13
11,1,128,126.0,7,0.23,0.02,0.18,0.02,887,126.0,RETURNED,0.2,0.5,24,60,pop:sample:15
11,1,128,127.0,8,0.22,0.02,0.18,0.02,911,127.0,RETURNED,0.2,0.5,24,60,pop:sample:17
11,1,128,127.0,9,0.22,0.02,0.18,0.01,907,127.0,RETURNED,0.2,0.5,24,60,pop:sample:19
11,1,128,127.0,10,0.22,0.02,0.18,0.01,917,127.0,RETURNED,0.2,0.5,24,60,pop:sample:21
11,1,128,127.0,11,0.23,0.02,0.18,0.02,895,127.0,RETURNED,0.2,0.5,24,60,pop:sample:23
11,1,128,127.0,12,0.22,0.02,0.18,0.01,860,127.0,RETURNED,0.2,0.5,24,60,pop:sample:25
11,1,128,127.0,13,0.23,0.03,0.19,0.02,919,127.0,RETURNED,0.2,0.5,24,60,pop:sample:27
11,1,128,128.0,14,0.12,0.02,0.08,0.01,409,127.0,RETURNED,0.2,0.5,24,60,pop:sample:29
12,1.84,0.05
12,0,128,109.0,0,0.23,0.02,0.19,0.02,887,78.0,RETURNED,0.2,0.5,24,60,pop:sample:1
12,0,128,118.0,1,0.23,0.02,0.19,0.02,913,110.0,RETURNED,0.2,0.5,24,60,pop:sample:3
12,0,128,120.0,2,0.23,0.02,0.19,0.02,869,119.0,RETURNED,0.2,0.5,24,60,pop:sample:5
12,0,128,124.0,3,0.23,0.02,0.18,0.02,887,123.0,RETURNED,0.2,0.5,24,60,pop:sample:7
12,0,128,125.0,4,0.23,0.02,0.18,0.02,872,124.0,RETURNED,0.2,0.5,24,60,pop:sample:9
12,0,128,126.0,5,0.23,0.02,0.18,0.02,866,126.0,RETURNED,0.2,0.5,24,60,pop:sample:11
12,0,128,127.0,6,0.23,0.02,0.18,0.02,859,126.0,RETURNED,0.2,0.5,24,60,pop:sample:13
12,0,128,128.0,7,0.06,0.02,0.02,0.02,83,127.0,RETURNED,0.2,0.5,24,60,pop:sample:15
12,1,128,110.0,0,0.23,0.02,0.19,0.02,874,72.0,RETURNED,0.2,0.5,24,60,pop:sample:2
12,1,128,119.0,1,0.23,0.02,0.19,0.02,887,111.0,RETURNED,0.2,0.5,24,60,pop:sample:4
12,1,128,122.0,2,0.23,0.02,0.19,0.02,929,121.0,RETURNED,0.2,0.5,24,60,pop:sample:6
12,1,128,124.0,3,0.23,0.02,0.19,0.02,893,122.0,RETURNED,0.2,0.5,24,60,pop:sample:8
12,1,128,126.0,4,0.23,0.02,0.19,0.02,873,125.0,RETURNED,0.2,0.5,24,60,pop:sample:10
12,1,128,126.0,5,0.23,0.02,0.19,0.02,885,126.0,RETURNED,0.2,0.5,24,60,pop:sample:12
12,1,128,126.0,6,0.23,0.02,0.19,0.02,875,126.0,RETURNED,0.2,0.5,24,60,pop:sample:14
12,1,128,127.0,7,0.22,0.02,0.19,0.01,906,127.0,RETURNED,0.2,0.5,24,60,pop:sample:16
13,2.33,0.05
13,0,128,108.0,0,0.23,0.02,0.19,0.02,882,73.0,RETURNED,0.2,0.5,24,60,pop:sample:1
13,0,128,116.0,1,0.23,0.02,0.19,0.02,932,111.0,RETURNED,0.2,0.5,24,60,pop:sample:4
13,0,128,124.0,2,0.23,0.02,0.19,0.02,869,121.0,RETURNED,0.2,0.5,24,60,pop:sample:6
13,0,128,124.0,3,0.23,0.02,0.19,0.02,903,124.0,RETURNED,0.2,0.5,24,60,pop:sample:8
13,0,128,125.0,4,0.23,0.02,0.19,0.02,811,125.0,RETURNED,0.2,0.5,24,60,pop:sample:10
13,0,128,127.0,5,0.23,0.02,0.19,0.02,926,127.0,RETURNED,0.2,0.5,24,60,pop:sample:11
13,0,128,127.0,6,0.23,0.02,0.19,0.02,902,127.0,RETURNED,0.2,0.5,24,60,pop:sample:14
13,0,128,127.0,7,0.23,0.02,0.19,0.02,865,127.0,RETURNED,0.2,0.5,24,60,pop:sample:16
13,0,128,127.0,8,0.23,0.02,0.19,0.02,901,127.0,RETURNED,0.2,0.5,24,60,pop:sample:18
13,0,128,128.0,9,0.1,0.02,0.06,0.01,307,127.0,RETURNED,0.2,0.5,24,60,pop:sample:20
13,1,128,104.0,0,0.23,0.02,0.19,0.02,853,76.0,RETURNED,0.2,0.5,24,60,pop:sample:2
13,1,128,119.0,1,0.24,0.02,0.19,0.02,872,108.0,RETURNED,0.2,0.5,24,60,pop:sample:3
13,1,128,120.0,2,0.23,0.02,0.18,0.02,838,119.0,RETURNED,0.2,0.5,24,60,pop:sample:5
13,1,128,125.0,3,0.23,0.02,0.19,0.02,847,124.0,RETURNED,0.2,0.5,24,60,pop:sample:7
13,1,128,127.0,4,0.23,0.02,0.18,0.02,855,125.0,RETURNED,0.2,0.5,24,60,pop:sample:9
13,1,128,127.0,5,0.23,0.02,0.18,0.02,904,127.0,RETURNED,0.2,0.5,24,60,pop:sample:12
13,1,128,127.0,6,0.23,0.02,0.19,0.02,876,127.0,RETURNED,0.2,0.5,24,60,pop:sample:13
13,1,128,127.0,7,0.23,0.02,0.19,0.02,868,127.0,RETURNED,0.2,0.5,24,60,pop:sample:15
13,1,128,127.0,8,0.23,0.02,0.19,0.02,882,127.0,RETURNED,0.2,0.5,24,60,pop:sample:17
13,1,128,127.0,9,0.22,0.02,0.18,0.01,881,127.0,RETURNED,0.2,0.5,24,60,pop:sample:19
14,2.49,0.05
14,0,128,111.0,0,0.24,0.02,0.2,0.02,859,76.0,RETURNED,0.2,0.5,24,60,pop:sample:1
14,0,128,120.0,1,0.23,0.02,0.19,0.02,893,115.0,RETURNED,0.2,0.5,24,60,pop:sample:4
14,0,128,122.0,2,0.23,0.02,0.19,0.02,872,121.0,RETURNED,0.2,0.5,24,60,pop:sample:6
14,0,128,124.0,3,0.22,0.01,0.19,0.02,906,123.0,RETURNED,0.2,0.5,24,60,pop:sample:8
14,0,128,126.0,4,0.22,0.01,0.19,0.01,930,124.0,RETURNED,0.2,0.5,24,60,pop:sample:10
14,0,128,126.0,5,0.22,0.01,0.19,0.02,860,126.0,RETURNED,0.2,0.5,24,60,pop:sample:12
14,0,128,126.0,6,0.23,0.02,0.2,0.01,898,126.0,RETURNED,0.2,0.5,24,60,pop:sample:14
14,0,128,127.0,7,0.22,0.01,0.19,0.01,883,126.0,RETURNED,0.2,0.5,24,60,pop:sample:16
14,0,128,127.0,8,0.22,0.01,0.19,0.01,922,127.0,RETURNED,0.2,0.5,24,60,pop:sample:18
14,0,128,127.0,9,0.22,0.01,0.19,0.01,854,127.0,RETURNED,0.2,0.5,24,60,pop:sample:20
14,0,128,127.0,10,0.22,0.01,0.19,0.01,901,127.0,RETURNED,0.2,0.5,24,60,pop:sample:22
14,1,128,113.0,0,0.23,0.02,0.19,0.02,891,79.0,RETURNED,0.2,0.5,24,60,pop:sample:2
14,1,128,120.0,1,0.22,0.02,0.19,0.01,879,116.0,RETURNED,0.2,0.5,24,60,pop:sample:3
14,1,128,123.0,2,0.22,0.02,0.19,0.01,887,121.0,RETURNED,0.2,0.5,24,60,pop:sample:5
14,1,128,124.0,3,0.22,0.02,0.19,0.02,869,123.0,RETURNED,0.2,0.5,24,60,pop:sample:7
14,1,128,124.0,4,0.22,0.02,0.19,0.01,926,124.0,RETURNED,0.2,0.5,24,60,pop:sample:9
14,1,128,125.0,5,0.22,0.02,0.19,0.01,864,124.0,RETURNED,0.2,0.5,24,60,pop:sample:11
14,1,128,126.0,6,0.22,0.02,0.19,0.01,855,126.0,RETURNED,0.2,0.5,24,60,pop:sample:13
14,1,128,126.0,7,0.22,0.02,0.19,0.01,895,126.0,RETURNED,0.2,0.5,24,60,pop:sample:15
14,1,128,126.0,8,0.21,0.01,0.19,0.01,860,126.0,RETURNED,0.2,0.5,24,60,pop:sample:17
14,1,128,127.0,9,0.22,0.02,0.19,0.01,875,127.0,RETURNED,0.2,0.5,24,60,pop:sample:19
14,1,128,128.0,10,0.16,0.01,0.14,0.01,667,127.0,RETURNED,0.2,0.5,24,60,pop:sample:21
15,3.97,0.05
15,0,128,105.0,0,0.23,0.02,0.19,0.02,886,79.0,RETURNED,0.2,0.5,24,60,pop:sample:1
15,0,128,115.0,1,0.23,0.02,0.19,0.02,895,112.0,RETURNED,0.2,0.5,24,60,pop:sample:3
15,0,128,120.0,2,0.24,0.03,0.19,0.02,908,116.0,RETURNED,0.2,0.5,24,60,pop:sample:5
15,0,128,124.0,3,0.23,0.02,0.19,0.02,923,123.0,RETURNED,0.2,0.5,24,60,pop:sample:8
15,0,128,125.0,4,0.23,0.02,0.19,0.02,849,125.0,RETURNED,0.2,0.5,24,60,pop:sample:9
15,0,128,126.0,5,0.23,0.02,0.19,0.02,892,126.0,RETURNED,0.2,0.5,24,60,pop:sample:11
15,0,128,126.0,6,0.23,0.02,0.19,0.02,885,126.0,RETURNED,0.2,0.5,24,60,pop:sample:14
15,0,128,126.0,7,0.24,0.02,0.19,0.02,882,126.0,RETURNED,0.2,0.5,24,60,pop:sample:16
15,0,128,127.0,8,0.23,0.02,0.19,0.02,894,127.0,RETURNED,0.2,0.5,24,60,pop:sample:18
15,0,128,127.0,9,0.23,0.02,0.19,0.02,895,127.0,RETURNED,0.2,0.5,24,60,pop:sample:20
15,0,128,127.0,10,0.23,0.02,0.18,0.02,843,127.0,RETURNED,0.2,0.5,24,60,pop:sample:21
15,0,128,127.0,11,0.23,0.02,0.19,0.02,883,127.0,RETURNED,0.2,0.5,24,60,pop:sample:23
15,0,128,127.0,12,0.24,0.02,0.19,0.02,904,127.0,RETURNED,0.2,0.5,24,60,pop:sample:26
15,0,128,127.0,13,0.23,0.02,0.19,0.02,868,127.0,RETURNED,0.2,0.5,24,60,pop:sample:28
15,0,128,127.0,14,0.24,0.02,0.19,0.03,901,127.0,RETURNED,0.2,0.5,24,60,pop:sample:29
15,0,128,127.0,15,0.23,0.02,0.19,0.02,906,127.0,RETURNED,0.2,0.5,24,60,pop:sample:32
15,0,128,128.0,16,0.13,0.02,0.09,0.02,489,127.0,RETURNED,0.2,0.5,24,60,pop:sample:34
15,1,128,112.0,0,0.23,0.02,0.19,0.02,822,74.0,RETURNED,0.2,0.5,24,60,pop:sample:2
15,1,128,116.0,1,0.23,0.02,0.19,0.02,926,114.0,RETURNED,0.2,0.5,24,60,pop:sample:4
15,1,128,123.0,2,0.23,0.03,0.19,0.02,901,116.0,RETURNED,0.2,0.5,24,60,pop:sample:6
15,1,128,125.0,3,0.23,0.02,0.19,0.02,914,123.0,RETURNED,0.2,0.5,24,60,pop:sample:7
15,1,128,126.0,4,0.23,0.02,0.19,0.02,869,125.0,RETURNED,0.2,0.5,24,60,pop:sample:10
15,1,128,126.0,5,0.23,0.02,0.19,0.02,891,126.0,RETURNED,0.2,0.5,24,60,pop:sample:12
15,1,128,126.0,6,0.23,0.02,0.19,0.02,909,126.0,RETURNED,0.2,0.5,24,60,pop:sample:13
15,1,128,127.0,7,0.24,0.02,0.19,0.02,863,126.0,RETURNED,0.2,0.5,24,60,pop:sample:15
15,1,128,127.0,8,0.23,0.02,0.19,0.02,910,127.0,RETURNED,0.2,0.5,24,60,pop:sample:17
15,1,128,127.0,9,0.23,0.02,0.19,0.02,895,127.0,RETURNED,0.2,0.5,24,60,pop:sample:19
15,1,128,127.0,10,0.23,0.02,0.19,0.02,851,127.0,RETURNED,0.2,0.5,24,60,pop:sample:22
15,1,128,127.0,11,0.23,0.02,0.19,0.02,872,127.0,RETURNED,0.2,0.5,24,60,pop:sample:24
15,1,128,127.0,12,0.24,0.02,0.19,0.02,848,127.0,RETURNED,0.2,0.5,24,60,pop:sample:25
15,1,128,127.0,13,0.23,0.02,0.19,0.02,868,127.0,RETURNED,0.2,0.5,24,60,pop:sample:27
15,1,128,127.0,14,0.23,0.02,0.19,0.02,907,127.0,RETURNED,0.2,0.5,24,60,pop:sample:30
15,1,128,127.0,15,0.23,0.02,0.19,0.02,870,127.0,RETURNED,0.2,0.5,24,60,pop:sample:31
15,1,128,127.0,16,0.22,0.02,0.19,0.01,884,127.0,RETURNED,0.2,0.5,24,60,pop:sample:33
16,4.20,0.05
16,0,128,110.0,0,0.23,0.02,0.19,0.02,885,77.0,RETURNED,0.2,0.5,24,60,pop:sample:1
16,0,128,117.0,1,0.23,0.02,0.19,0.02,922,113.0,RETURNED,0.2,0.5,24,60,pop:sample:3
16,0,128,120.0,2,0.23,0.02,0.19,0.02,868,119.0,RETURNED,0.2,0.5,24,60,pop:sample:6
16,0,128,124.0,3,0.23,0.02,0.19,0.02,924,122.0,RETURNED,0.2,0.5,24,60,pop:sample:8
16,0,128,124.0,4,0.23,0.02,0.19,0.02,877,124.0,RETURNED,0.2,0.5,24,60,pop:sample:10
16,0,128,124.0,5,0.23,0.02,0.19,0.02,902,124.0,RETURNED,0.2,0.5,24,60,pop:sample:12
16,0,128,124.0,6,0.23,0.02,0.19,0.02,898,124.0,RETURNED,0.2,0.5,24,60,pop:sample:14
16,0,128,125.0,7,0.23,0.02,0.19,0.02,898,124.0,RETURNED,0.2,0.5,24,60,pop:sample:16
16,0,128,125.0,8,0.23,0.02,0.19,0.02,898,125.0,RETURNED,0.2,0.5,24,60,pop:sample:17
16,0,128,125.0,9,0.23,0.02,0.19,0.02,895,125.0,RETURNED,0.2,0.5,24,60,pop:sample:19
16,0,128,125.0,10,0.23,0.02,0.18,0.02,840,125.0,RETURNED,0.2,0.5,24,60,pop:sample:21
16,0,128,126.0,11,0.23,0.02,0.19,0.02,893,126.0,RETURNED,0.2,0.5,24,60,pop:sample:23
16,0,128,127.0,12,0.24,0.02,0.19,0.02,892,127.0,RETURNED,0.2,0.5,24,60,pop:sample:25
16,0,128,127.0,13,0.23,0.02,0.19,0.02,885,127.0,RETURNED,0.2,0.5,24,60,pop:sample:27
16,0,128,127.0,14,0.23,0.02,0.19,0.02,894,127.0,RETURNED,0.2,0.5,24,60,pop:sample:29
16,0,128,127.0,15,0.23,0.03,0.19,0.02,843,127.0,RETURNED,0.2,0.5,24,60,pop:sample:31
16,0,128,127.0,16,0.23,0.02,0.19,0.02,869,127.0,RETURNED,0.2,0.5,24,60,pop:sample:34
16,0,128,127.0,17,0.23,0.02,0.19,0.01,913,127.0,RETURNED,0.2,0.5,24,60,pop:sample:36
16,1,128,113.0,0,0.23,0.02,0.19,0.02,921,75.0,RETURNED,0.2,0.5,24,60,pop:sample:2
16,1,128,119.0,1,0.23,0.02,0.19,0.02,888,113.0,RETURNED,0.2,0.5,24,60,pop:sample:4
16,1,128,122.0,2,0.23,0.02,0.19,0.02,922,120.0,RETURNED,0.2,0.5,24,60,pop:sample:5
16,1,128,123.0,3,0.23,0.02,0.19,0.02,934,122.0,RETURNED,0.2,0.5,24,60,pop:sample:7
16,1,128,124.0,4,0.23,0.02,0.19,0.02,871,124.0,RETURNED,0.2,0.5,24,60,pop:sample:9
16,1,128,124.0,5,0.23,0.02,0.19,0.02,911,124.0,RETURNED,0.2,0.5,24,60,pop:sample:11
16,1,128,124.0,6,0.23,0.02,0.19,0.02,921,124.0,RETURNED,0.2,0.5,24,60,pop:sample:13
16,1,128,124.0,7,0.23,0.02,0.19,0.02,870,124.0,RETURNED,0.2,0.5,24,60,pop:sample:15
16,1,128,125.0,8,0.23,0.02,0.19,0.02,885,125.0,RETURNED,0.2,0.5,24,60,pop:sample:18
16,1,128,125.0,9,0.23,0.02,0.19,0.02,924,125.0,RETURNED,0.2,0.5,24,60,pop:sample:20
16,1,128,126.0,10,0.23,0.02,0.19,0.02,906,125.0,RETURNED,0.2,0.5,24,60,pop:sample:22
16,1,128,127.0,11,0.23,0.02,0.19,0.02,888,126.0,RETURNED,0.2,0.5,24,60,pop:sample:24
16,1,128,127.0,12,0.24,0.02,0.19,0.02,904,127.0,RETURNED,0.2,0.5,24,60,pop:sample:26
16,1,128,127.0,13,0.23,0.02,0.19,0.02,925,127.0,RETURNED,0.2,0.5,24,60,pop:sample:28
16,1,128,127.0,14,0.23,0.02,0.19,0.02,895,127.0,RETURNED,0.2,0.5,24,60,pop:sample:30
16,1,128,127.0,15,0.23,0.03,0.19,0.02,856,127.0,RETURNED,0.2,0.5,24,60,pop:sample:32
16,1,128,127.0,16,0.23,0.02,0.19,0.02,880,127.0,RETURNED,0.2,0.5,24,60,pop:sample:33
16,1,128,128.0,17,0.17,0.02,0.13,0.01,603,127.0,RETURNED,0.2,0.5,24,60,pop:sample:35
17,1.56,0.05
17,0,128,109.0,0,0.23,0.02,0.19,0.02,875,82.0,RETURNED,0.2,0.5,24,60,pop:sample:1
17,0,128,118.0,1,0.23,0.02,0.19,0.02,900,114.0,RETURNED,0.2,0.5,24,60,pop:sample:4
17,0,128,121.0,2,0.23,0.02,0.19,0.02,939,119.0,RETURNED,0.2,0.5,24,60,pop:sample:6
17,0,128,122.0,3,0.23,0.02,0.19,0.02,876,121.0,RETURNED,0.2,0.5,24,60,pop:sample:7
17,0,128,125.0,4,0.23,0.02,0.19,0.02,873,123.0,RETURNED,0.2,0.5,24,60,pop:sample:9
17,0,128,126.0,5,0.23,0.02,0.18,0.02,865,125.0,RETURNED,0.2,0.5,24,60,pop:sample:11
17,0,128,128.0,6,0.08,0.02,0.04,0.01,205,127.0,RETURNED,0.2,0.5,24,60,pop:sample:13
17,1,128,110.0,0,0.23,0.02,0.19,0.02,888,77.0,RETURNED,0.2,0.5,24,60,pop:sample:2
17,1,128,117.0,1,0.23,0.02,0.19,0.02,894,113.0,RETURNED,0.2,0.5,24,60,pop:sample:3
17,1,128,120.0,2,0.24,0.02,0.19,0.02,868,118.0,RETURNED,0.2,0.5,24,60,pop:sample:5
17,1,128,123.0,3,0.23,0.02,0.19,0.02,908,121.0,RETURNED,0.2,0.5,24,60,pop:sample:8
17,1,128,125.0,4,0.23,0.02,0.19,0.02,881,123.0,RETURNED,0.2,0.5,24,60,pop:sample:10
17,1,128,127.0,5,0.23,0.02,0.19,0.02,902,126.0,RETURNED,0.2,0.5,24,60,pop:sample:12
17,1,128,128.0,6,0.15,0.02,0.12,0.01,626,127.0,RETURNED,0.2,0.5,24,60,pop:sample:14
18,2.10,0.05
18,0,128,115.0,0,0.23,0.02,0.19,0.02,887,76.0,RETURNED,0.2,0.5,24,60,pop:sample:1
18,0,128,120.0,1,0.23,0.02,0.19,0.02,872,115.0,RETURNED,0.2,0.5,24,60,pop:sample:4
18,0,128,123.0,2,0.24,0.02,0.19,0.02,890,121.0,RETURNED,0.2,0.5,24,60,pop:sample:6
18,0,128,125.0,3,0.23,0.02,0.19,0.02,893,125.0,RETURNED,0.2,0.5,24,60,pop:sample:8
18,0,128,125.0,4,0.23,0.02,0.19,0.02,910,125.0,RETURNED,0.2,0.5,24,60,pop:sample:10
18,0,128,125.0,5,0.23,0.02,0.19,0.02,895,125.0,RETURNED,0.2,0.5,24,60,pop:sample:11
18,0,128,126.0,6,0.23,0.02,0.19,0.02,869,126.0,RETURNED,0.2,0.5,24,60,pop:sample:13
18,0,128,126.0,7,0.23,0.03,0.19,0.02,874,126.0,RETURNED,0.2,0.5,24,60,pop:sample:15
18,0,128,128.0,8,0.09,0.02,0.06,0.01,278,126.0,RETURNED,0.2,0.5,24,60,pop:sample:18
18,1,128,108.0,0,0.23,0.02,0.19,0.02,875,77.0,RETURNED,0.2,0.5,24,60,pop:sample:2
18,1,128,121.0,1,0.23,0.02,0.19,0.02,940,115.0,RETURNED,0.2,0.5,24,60,pop:sample:3
18,1,128,124.0,2,0.24,0.02,0.19,0.02,869,121.0,RETURNED,0.2,0.5,24,60,pop:sample:5
18,1,128,125.0,3,0.23,0.02,0.19,0.02,869,125.0,RETURNED,0.2,0.5,24,60,pop:sample:7
18,1,128,125.0,4,0.23,0.02,0.19,0.02,888,125.0,RETURNED,0.2,0.5,24,60,pop:sample:9
18,1,128,126.0,5,0.23,0.02,0.19,0.02,890,125.0,RETURNED,0.2,0.5,24,60,pop:sample:12
18,1,128,126.0,6,0.23,0.02,0.19,0.02,869,126.0,RETURNED,0.2,0.5,24,60,pop:sample:14
18,1,128,126.0,7,0.23,0.02,0.18,0.02,836,126.0,RETURNED,0.2,0.5,24,60,pop:sample:16
18,1,128,126.0,8,0.22,0.02,0.19,0.01,883,126.0,RETURNED,0.2,0.5,24,60,pop:sample:17
19,2.33,0.05
19,0,128,106.0,0,0.24,0.02,0.19,0.02,896,76.0,RETURNED,0.2,0.5,24,60,pop:sample:1
19,0,128,119.0,1,0.24,0.02,0.19,0.02,900,110.0,RETURNED,0.2,0.5,24,60,pop:sample:3
19,0,128,122.0,2,0.23,0.02,0.19,0.02,903,119.0,RETURNED,0.2,0.5,24,60,pop:sample:5
19,0,128,124.0,3,0.23,0.02,0.19,0.02,899,122.0,RETURNED,0.2,0.5,24,60,pop:sample:8
19,0,128,125.0,4,0.23,0.02,0.19,0.02,864,125.0,RETURNED,0.2,0.5,24,60,pop:sample:9
19,0,128,125.0,5,0.23,0.02,0.18,0.02,875,125.0,RETURNED,0.2,0.5,24,60,pop:sample:12
19,0,128,125.0,6,0.24,0.02,0.19,0.02,915,125.0,RETURNED,0.2,0.5,24,60,pop:sample:13
19,0,128,125.0,7,0.23,0.02,0.19,0.02,898,125.0,RETURNED,0.2,0.5,24,60,pop:sample:15
19,0,128,126.0,8,0.23,0.02,0.19,0.02,882,125.0,RETURNED,0.2,0.5,24,60,pop:sample:18
19,0,128,128.0,9,0.04,0.02,0.01,0.01,57,127.0,RETURNED,0.2,0.5,24,60,pop:sample:20
19,1,128,110.0,0,0.23,0.02,0.19,0.02,893,74.0,RETURNED,0.2,0.5,24,60,pop:sample:2
19,1,128,117.0,1,0.24,0.02,0.19,0.02,864,111.0,RETURNED,0.2,0.5,24,60,pop:sample:4
19,1,128,121.0,2,0.23,0.02,0.19,0.02,909,119.0,RETURNED,0.2,0.5,24,60,pop:sample:6
19,1,128,123.0,3,0.23,0.02,0.19,0.02,947,122.0,RETURNED,0.2,0.5,24,60,pop:sample:7
19,1,128,125.0,4,0.23,0.02,0.19,0.02,921,125.0,RETURNED,0.2,0.5,24,60,pop:sample:10
19,1,128,125.0,5,0.23,0.02,0.19,0.02,905,125.0,RETURNED,0.2,0.5,24,60,pop:sample:11
19,1,128,125.0,6,0.23,0.02,0.19,0.02,864,125.0,RETURNED,0.2,0.5,24,60,pop:sample:14
19,1,128,125.0,7,0.23,0.02,0.19,0.02,896,125.0,RETURNED,0.2,0.5,24,60,pop:sample:16
19,1,128,127.0,8,0.23,0.02,0.19,0.02,890,125.0,RETURNED,0.2,0.5,24,60,pop:sample:17
19,1,128,127.0,9,0.22,0.02,0.18,0.01,861,127.0,RETURNED,0.2,0.5,24,60,pop:sample:19
20,1.87,0.05
20,0,128,113.0,0,0.23,0.02,0.19,0.02,849,82.0,RETURNED,0.2,0.5,24,60,pop:sample:1
20,0,128,121.0,1,0.23,0.02,0.19,0.02,880,113.0,RETURNED,0.2,0.5,24,60,pop:sample:3
20,0,128,124.0,2,0.23,0.03,0.19,0.02,900,121.0,RETURNED,0.2,0.5,24,60,pop:sample:6
20,0,128,125.0,3,0.23,0.02,0.19,0.02,864,125.0,RETURNED,0.2,0.5,24,60,pop:sample:8
20,0,128,127.0,4,0.23,0.02,0.19,0.02,903,127.0,RETURNED,0.2,0.5,24,60,pop:sample:9
20,0,128,127.0,5,0.23,0.02,0.19,0.02,917,127.0,RETURNED,0.2,0.5,24,60,pop:sample:12
20,0,128,127.0,6,0.23,0.02,0.19,0.02,933,127.0,RETURNED,0.2,0.5,24,60,pop:sample:14
20,0,128,127.0,7,0.22,0.02,0.18,0.01,881,127.0,RETURNED,0.2,0.5,24,60,pop:sample:16
20,1,128,108.0,0,0.23,0.02,0.19,0.02,887,70.0,RETURNED,0.2,0.5,24,60,pop:sample:2
20,1,128,116.0,1,0.23,0.02,0.19,0.02,884,113.0,RETURNED,0.2,0.5,24,60,pop:sample:4
20,1,128,124.0,2,0.23,0.02,0.19,0.02,908,121.0,RETURNED,0.2,0.5,24,60,pop:sample:5
20,1,128,127.0,3,0.23,0.02,0.19,0.02,876,124.0,RETURNED,0.2,0.5,24,60,pop:sample:7
20,1,128,127.0,4,0.23,0.02,0.19,0.02,894,127.0,RETURNED,0.2,0.5,24,60,pop:sample:10
20,1,128,127.0,5,0.23,0.02,0.19,0.02,860,127.0,RETURNED,0.2,0.5,24,60,pop:sample:11
20,1,128,127.0,6,0.24,0.02,0.19,0.02,890,127.0,RETURNED,0.2,0.5,24,60,pop:sample:13
20,1,128,128.0,7,0.2,0.02,0.16,0.01,812,127.0,RETURNED,0.2,0.5,24,60,pop:sample:15
21,3.02,0.05
21,0,128,111.0,0,0.23,0.02,0.19,0.02,906,76.0,RETURNED,0.2,0.5,24,60,pop:sample:1
21,0,128,117.0,1,0.23,0.02,0.19,0.02,912,112.0,RETURNED,0.2,0.5,24,60,pop:sample:3
21,0,128,123.0,2,0.23,0.02,0.19,0.02,903,119.0,RETURNED,0.2,0.5,24,60,pop:sample:6
21,0,128,124.0,3,0.23,0.02,0.18,0.02,859,123.0,RETURNED,0.2,0.5,24,60,pop:sample:7
21,0,128,126.0,4,0.23,0.02,0.19,0.02,876,126.0,RETURNED,0.2,0.5,24,60,pop:sample:9
21,0,128,126.0,5,0.23,0.02,0.19,0.02,880,126.0,RETURNED,0.2,0.5,24,60,pop:sample:11
21,0,128,127.0,6,0.23,0.02,0.19,0.02,866,127.0,RETURNED,0.2,0.5,24,60,pop:sample:13
21,0,128,127.0,7,0.24,0.02,0.19,0.02,909,127.0,RETURNED,0.2,0.5,24,60,pop:sample:15
21,0,128,127.0,8,0.23,0.02,0.19,0.02,888,127.0,RETURNED,0.2,0.5,24,60,pop:sample:18
21,0,128,127.0,9,0.23,0.02,0.19,0.02,906,127.0,RETURNED,0.2,0.5,24,60,pop:sample:19
21,0,128,127.0,10,0.23,0.02,0.19,0.02,895,127.0,RETURNED,0.2,0.5,24,60,pop:sample:21
21,0,128,127.0,11,0.23,0.02,0.19,0.02,939,127.0,RETURNED,0.2,0.5,24,60,pop:sample:23
21,0,128,128.0,12,0.18,0.02,0.15,0.01,689,127.0,RETURNED,0.2,0.5,24,60,pop:sample:25
21,1,128,110.0,0,0.23,0.02,0.19,0.02,913,77.0,RETURNED,0.2,0.5,24,60,pop:sample:2
21,1,128,118.0,1,0.23,0.02,0.19,0.02,861,112.0,RETURNED,0.2,0.5,24,60,pop:sample:4
21,1,128,122.0,2,0.23,0.02,0.19,0.02,920,118.0,RETURNED,0.2,0.5,24,60,pop:sample:5
21,1,128,125.0,3,0.23,0.02,0.19,0.02,894,124.0,RETURNED,0.2,0.5,24,60,pop:sample:8
21,1,128,126.0,4,0.23,0.02,0.19,0.02,869,126.0,RETURNED,0.2,0.5,24,60,pop:sample:10
21,1,128,127.0,5,0.23,0.02,0.19,0.02,873,126.0,RETURNED,0.2,0.5,24,60,pop:sample:12
21,1,128,127.0,6,0.23,0.02,0.19,0.02,880,127.0,RETURNED,0.2,0.5,24,60,pop:sample:14
21,1,128,127.0,7,0.23,0.02,0.19,0.02,890,127.0,RETURNED,0.2,0.5,24,60,pop:sample:16
21,1,128,127.0,8,0.23,0.02,0.19,0.02,897,127.0,RETURNED,0.2,0.5,24,60,pop:sample:17
21,1,128,127.0,9,0.23,0.02,0.19,0.02,878,127.0,RETURNED,0.2,0.5,24,60,pop:sample:20
21,1,128,127.0,10,0.23,0.02,0.19,0.02,851,127.0,RETURNED,0.2,0.5,24,60,pop:sample:22
21,1,128,127.0,11,0.23,0.02,0.19,0.02,873,127.0,RETURNED,0.2,0.5,24,60,pop:sample:24
21,1,128,127.0,12,0.22,0.02,0.19,0.01,910,127.0,RETURNED,0.2,0.5,24,60,pop:sample:26
22,3.26,0.05
22,0,128,112.0,0,0.23,0.02,0.19,0.02,882,78.0,RETURNED,0.2,0.5,24,60,pop:sample:1
22,0,128,120.0,1,0.23,0.02,0.19,0.02,891,118.0,RETURNED,0.2,0.5,24,60,pop:sample:3
22,0,128,122.0,2,0.23,0.02,0.19,0.02,884,120.0,RETURNED,0.2,0.5,24,60,pop:sample:5
22,0,128,125.0,3,0.23,0.02,0.19,0.02,872,123.0,RETURNED,0.2,0.5,24,60,pop:sample:7
22,0,128,126.0,4,0.23,0.02,0.19,0.02,906,125.0,RETURNED,0.2,0.5,24,60,pop:sample:9
22,0,128,126.0,5,0.23,0.02,0.19,0.02,872,126.0,RETURNED,0.2,0.5,24,60,pop:sample:11
22,0,128,127.0,6,0.23,0.02,0.19,0.02,913,127.0,RETURNED,0.2,0.5,24,60,pop:sample:13
22,0,128,127.0,7,0.23,0.02,0.18,0.02,917,127.0,RETURNED,0.2,0.5,24,60,pop:sample:15
22,0,128,127.0,8,0.24,0.02,0.19,0.02,891,127.0,RETURNED,0.2,0.5,24,60,pop:sample:17
22,0,128,127.0,9,0.23,0.02,0.19,0.02,878,127.0,RETURNED,0.2,0.5,24,60,pop:sample:19
22,0,128,127.0,10,0.23,0.02,0.19,0.02,894,127.0,RETURNED,0.2,0.5,24,60,pop:sample:22
22,0,128,127.0,11,0.23,0.02,0.19,0.02,878,127.0,RETURNED,0.2,0.5,24,60,pop:sample:23
22,0,128,127.0,12,0.23,0.02,0.19,0.02,872,127.0,RETURNED,0.2,0.5,24,60,pop:sample:26
22,0,128,127.0,13,0.22,0.02,0.19,0.01,891,127.0,RETURNED,0.2,0.5,24,60,pop:sample:28
22,1,128,117.0,0,0.23,0.02,0.19,0.02,928,72.0,RETURNED,0.2,0.5,24,60,pop:sample:2
22,1,128,117.0,1,0.23,0.02,0.19,0.02,895,117.0,RETURNED,0.2,0.5,24,60,pop:sample:4
22,1,128,121.0,2,0.23,0.02,0.19,0.02,894,120.0,RETURNED,0.2,0.5,24,60,pop:sample:6
22,1,128,122.0,3,0.23,0.02,0.19,0.02,911,121.0,RETURNED,0.2,0.5,24,60,pop:sample:8
22,1,128,127.0,4,0.23,0.02,0.19,0.02,917,125.0,RETURNED,0.2,0.5,24,60,pop:sample:10
22,1,128,127.0,5,0.23,0.02,0.19,0.02,898,127.0,RETURNED,0.2,0.5,24,60,pop:sample:12
22,1,128,127.0,6,0.23,0.02,0.19,0.02,895,127.0,RETURNED,0.2,0.5,24,60,pop:sample:14
22,1,128,127.0,7,0.23,0.02,0.19,0.02,883,127.0,RETURNED,0.2,0.5,24,60,pop:sample:16
22,1,128,127.0,8,0.23,0.02,0.19,0.02,861,127.0,RETURNED,0.2,0.5,24,60,pop:sample:18
22,1,128,127.0,9,0.23,0.02,0.19,0.02,920,127.0,RETURNED,0.2,0.5,24,60,pop:sample:20
22,1,128,127.0,10,0.23,0.02,0.19,0.02,849,127.0,RETURNED,0.2,0.5,24,60,pop:sample:21
22,1,128,127.0,11,0.23,0.02,0.19,0.02,906,127.0,RETURNED,0.2,0.5,24,60,pop:sample:24
22,1,128,127.0,12,0.23,0.02,0.18,0.02,879,127.0,RETURNED,0.2,0.5,24,60,pop:sample:25
22,1,128,128.0,13,0.12,0.02,0.09,0.01,412,127.0,RETURNED,0.2,0.5,24,60,pop:sample:27
23,2.79,0.05
23,0,128,105.0,0,0.23,0.02,0.19,0.02,867,76.0,RETURNED,0.2,0.5,24,60,pop:sample:1
23,0,128,116.0,1,0.23,0.02,0.18,0.02,858,111.0,RETURNED,0.2,0.5,24,60,pop:sample:3
23,0,128,125.0,2,0.23,0.02,0.19,0.02,889,116.0,RETURNED,0.2,0.5,24,60,pop:sample:6
23,0,128,125.0,3,0.23,0.02,0.19,0.02,872,125.0,RETURNED,0.2,0.5,24,60,pop:sample:8
23,0,128,127.0,4,0.23,0.02,0.19,0.02,916,126.0,RETURNED,0.2,0.5,24,60,pop:sample:9
23,0,128,127.0,5,0.23,0.02,0.19,0.02,886,127.0,RETURNED,0.2,0.5,24,60,pop:sample:11
23,0,128,127.0,6,0.23,0.02,0.19,0.02,829,127.0,RETURNED,0.2,0.5,24,60,pop:sample:13
23,0,128,127.0,7,0.23,0.02,0.19,0.02,868,127.0,RETURNED,0.2,0.5,24,60,pop:sample:15
23,0,128,127.0,8,0.23,0.02,0.19,0.02,858,127.0,RETURNED,0.2,0.5,24,60,pop:sample:17
23,0,128,127.0,9,0.24,0.02,0.19,0.02,911,127.0,RETURNED,0.2,0.5,24,60,pop:sample:19
23,0,128,127.0,10,0.23,0.02,0.19,0.02,934,127.0,RETURNED,0.2,0.5,24,60,pop:sample:21
23,0,128,128.0,11,0.05,0.02,0.01,0.01,83,127.0,RETURNED,0.2,0.5,24,60,pop:sample:24
23,1,128,111.0,0,0.23,0.02,0.19,0.02,932,77.0,RETURNED,0.2,0.5,24,60,pop:sample:2
23,1,128,116.0,1,0.23,0.02,0.18,0.02,844,112.0,RETURNED,0.2,0.5,24,60,pop:sample:4
23,1,128,121.0,2,0.23,0.02,0.19,0.02,912,116.0,RETURNED,0.2,0.5,24,60,pop:sample:5
23,1,128,126.0,3,0.23,0.02,0.19,0.02,853,125.0,RETURNED,0.2,0.5,24,60,pop:sample:7
23,1,128,127.0,4,0.23,0.02,0.19,0.02,891,126.0,RETURNED,0.2,0.5,24,60,pop:sample:10
23,1,128,127.0,5,0.23,0.02,0.19,0.02,880,127.0,RETURNED,0.2,0.5,24,60,pop:sample:12
23,1,128,127.0,6,0.23,0.02,0.19,0.02,906,127.0,RETURNED,0.2,0.5,24,60,pop:sample:14
23,1,128,127.0,7,0.23,0.02,0.19,0.02,854,127.0,RETURNED,0.2,0.5,24,60,pop:sample:16
23,1,128,127.0,8,0.23,0.03,0.19,0.02,868,127.0,RETURNED,0.2,0.5,24,60,pop:sample:18
23,1,128,127.0,9,0.23,0.03,0.19,0.02,853,127.0,RETURNED,0.2,0.5,24,60,pop:sample:20
23,1,128,127.0,10,0.23,0.02,0.19,0.02,863,127.0,RETURNED,0.2,0.5,24,60,pop:sample:22
23,1,128,127.0,11,0.22,0.02,0.18,0.01,908,127.0,RETURNED,0.2,0.5,24,60,pop:sample:23
24,4.23,0.07
24,0,128,112.0,0,0.24,0.02,0.2,0.02,876,74.0,RETURNED,0.2,0.5,24,60,pop:sample:1
24,0,128,118.0,1,0.25,0.03,0.2,0.02,900,112.0,RETURNED,0.2,0.5,24,60,pop:sample:3
24,0,128,124.0,2,0.24,0.02,0.19,0.02,894,121.0,RETURNED,0.2,0.5,24,60,pop:sample:6
24,0,128,124.0,3,0.23,0.02,0.19,0.03,880,124.0,RETURNED,0.2,0.5,24,60,pop:sample:8
24,0,128,126.0,4,0.23,0.02,0.18,0.02,879,124.0,RETURNED,0.2,0.5,24,60,pop:sample:10
24,0,128,127.0,5,0.24,0.02,0.19,0.02,881,126.0,RETURNED,0.2,0.5,24,60,pop:sample:11
24,0,128,127.0,6,0.23,0.02,0.19,0.02,902,127.0,RETURNED,0.2,0.5,24,60,pop:sample:13
24,0,128,127.0,7,0.23,0.02,0.19,0.02,882,127.0,RETURNED,0.2,0.5,24,60,pop:sample:16
24,0,128,127.0,8,0.23,0.02,0.19,0.02,848,127.0,RETURNED,0.2,0.5,24,60,pop:sample:18
24,0,128,127.0,9,0.23,0.02,0.19,0.02,911,127.0,RETURNED,0.2,0.5,24,60,pop:sample:20
24,0,128,127.0,10,0.23,0.02,0.19,0.02,899,127.0,RETURNED,0.2,0.5,24,60,pop:sample:22
24,0,128,127.0,11,0.23,0.02,0.19,0.02,926,127.0,RETURNED,0.2,0.5,24,60,pop:sample:24
24,0,128,127.0,12,0.24,0.02,0.19,0.02,907,127.0,RETURNED,0.2,0.5,24,60,pop:sample:26
24,0,128,127.0,13,0.23,0.02,0.19,0.02,901,127.0,RETURNED,0.2,0.5,24,60,pop:sample:27
24,0,128,127.0,14,0.23,0.02,0.19,0.02,887,127.0,RETURNED,0.2,0.5,24,60,pop:sample:29
24,0,128,127.0,15,0.23,0.02,0.19,0.02,880,127.0,RETURNED,0.2,0.5,24,60,pop:sample:31
24,0,128,127.0,16,0.23,0.02,0.18,0.02,879,127.0,RETURNED,0.2,0.5,24,60,pop:sample:33
24,0,128,128.0,17,0.15,0.02,0.11,0.01,604,127.0,RETURNED,0.2,0.5,24,60,pop:sample:35
24,1,128,111.0,0,0.25,0.03,0.2,0.02,860,76.0,RETURNED,0.2,0.5,24,60,pop:sample:2
24,1,128,120.0,1,0.24,0.02,0.2,0.02,899,113.0,RETURNED,0.2,0.5,24,60,pop:sample:4
24,1,128,121.0,2,0.23,0.02,0.19,0.02,892,120.0,RETURNED,0.2,0.5,24,60,pop:sample:5
24,1,128,124.0,3,0.23,0.02,0.18,0.03,913,124.0,RETURNED,0.2,0.5,24,60,pop:sample:7
24,1,128,125.0,4,0.23,0.02,0.19,0.02,883,124.0,RETURNED,0.2,0.5,24,60,pop:sample:9
24,1,128,127.0,5,0.24,0.02,0.19,0.02,863,127.0,RETURNED,0.2,0.5,24,60,pop:sample:12
24,1,128,127.0,6,0.23,0.02,0.19,0.02,869,127.0,RETURNED,0.2,0.5,24,60,pop:sample:14
24,1,128,127.0,7,0.23,0.02,0.19,0.02,933,127.0,RETURNED,0.2,0.5,24,60,pop:sample:15
24,1,128,127.0,8,0.23,0.02,0.19,0.02,845,127.0,RETURNED,0.2,0.5,24,60,pop:sample:17
24,1,128,127.0,9,0.23,0.02,0.19,0.02,869,127.0,RETURNED,0.2,0.5,24,60,pop:sample:19
24,1,128,127.0,10,0.24,0.02,0.19,0.02,862,127.0,RETURNED,0.2,0.5,24,60,pop:sample:21
24,1,128,127.0,11,0.23,0.02,0.19,0.02,884,127.0,RETURNED,0.2,0.5,24,60,pop:sample:23
24,1,128,127.0,12,0.24,0.02,0.19,0.02,898,127.0,RETURNED,0.2,0.5,24,60,pop:sample:25
24,1,128,127.0,13,0.23,0.02,0.19,0.02,912,127.0,RETURNED,0.2,0.5,24,60,pop:sample:28
24,1,128,127.0,14,0.23,0.02,0.19,0.02,924,127.0,RETURNED,0.2,0.5,24,60,pop:sample:30
24,1,128,127.0,15,0.22,0.02,0.18,0.02,861,127.0,RETURNED,0.2,0.5,24,60,pop:sample:32
24,1,128,127.0,16,0.23,0.02,0.19,0.02,915,127.0,RETURNED,0.2,0.5,24,60,pop:sample:34
24,1,128,127.0,17,0.22,0.02,0.18,0.01,907,127.0,RETURNED,0.2,0.5,24,60,pop:sample:36
25,2.23,0.05
25,0,128,107.0,0,0.23,0.02,0.19,0.02,876,81.0,RETURNED,0.2,0.5,24,60,pop:sample:1
25,0,128,120.0,1,0.23,0.02,0.19,0.02,901,117.0,RETURNED,0.2,0.5,24,60,pop:sample:3
25,0,128,124.0,2,0.23,0.02,0.18,0.02,904,123.0,RETURNED,0.2,0.5,24,60,pop:sample:5
25,0,128,126.0,3,0.24,0.02,0.19,0.02,872,125.0,RETURNED,0.2,0.5,24,60,pop:sample:7
25,0,128,126.0,4,0.23,0.02,0.19,0.02,878,126.0,RETURNED,0.2,0.5,24,60,pop:sample:9
25,0,128,127.0,5,0.23,0.02,0.19,0.02,872,126.0,RETURNED,0.2,0.5,24,60,pop:sample:11
25,0,128,127.0,6,0.23,0.02,0.19,0.02,900,127.0,RETURNED,0.2,0.5,24,60,pop:sample:14
25,0,128,127.0,7,0.23,0.02,0.19,0.02,912,127.0,RETURNED,0.2,0.5,24,60,pop:sample:16
25,0,128,127.0,8,0.23,0.02,0.19,0.02,877,127.0,RETURNED,0.2,0.5,24,60,pop:sample:18
25,0,128,128.0,9,0.12,0.02,0.09,0.01,432,127.0,RETURNED,0.2,0.5,24,60,pop:sample:19
25,1,128,117.0,0,0.23,0.02,0.19,0.02,895,78.0,RETURNED,0.2,0.5,24,60,pop:sample:2
25,1,128,123.0,1,0.23,0.02,0.19,0.02,866,117.0,RETURNED,0.2,0.5,24,60,pop:sample:4
25,1,128,125.0,2,0.23,0.02,0.19,0.02,873,123.0,RETURNED,0.2,0.5,24,60,pop:sample:6
25,1,128,125.0,3,0.23,0.02,0.19,0.02,927,125.0,RETURNED,0.2,0.5,24,60,pop:sample:8
25,1,128,126.0,4,0.23,0.02,0.19,0.02,874,126.0,RETURNED,0.2,0.5,24,60,pop:sample:10
25,1,128,127.0,5,0.23,0.02,0.19,0.02,871,126.0,RETURNED,0.2,0.5,24,60,pop:sample:12
25,1,128,127.0,6,0.23,0.02,0.19,0.02,886,127.0,RETURNED,0.2,0.5,24,60,pop:sample:13
25,1,128,127.0,7,0.24,0.02,0.19,0.02,899,127.0,RETURNED,0.2,0.5,24,60,pop:sample:15
25,1,128,127.0,8,0.23,0.02,0.19,0.02,937,127.0,RETURNED,0.2,0.5,24,60,pop:sample:17
25,1,128,128.0,9,0.06,0.02,0.03,0.01,137,127.0,RETURNED,0.2,0.5,24,60,pop:sample:20
26,1.87,0.05
26,0,128,112.0,0,0.23,0.02,0.19,0.02,893,77.0,RETURNED,0.2,0.5,24,60,pop:sample:1
26,0,128,113.0,1,0.23,0.02,0.19,0.02,865,112.0,RETURNED,0.2,0.5,24,60,pop:sample:3
26,0,128,120.0,2,0.23,0.02,0.18,0.02,945,117.0,RETURNED,0.2,0.5,24,60,pop:sample:5
26,0,128,122.0,3,0.24,0.02,0.19,0.02,870,121.0,RETURNED,0.2,0.5,24,60,pop:sample:7
26,0,128,127.0,4,0.23,0.02,0.19,0.02,891,124.0,RETURNED,0.2,0.5,24,60,pop:sample:9
26,0,128,127.0,5,0.23,0.02,0.19,0.02,885,127.0,RETURNED,0.2,0.5,24,60,pop:sample:11
26,0,128,127.0,6,0.23,0.02,0.19,0.02,881,127.0,RETURNED,0.2,0.5,24,60,pop:sample:14
26,0,128,127.0,7,0.22,0.02,0.18,0.01,903,127.0,RETURNED,0.2,0.5,24,60,pop:sample:16
26,1,128,110.0,0,0.23,0.02,0.19,0.02,850,77.0,RETURNED,0.2,0.5,24,60,pop:sample:2
26,1,128,117.0,1,0.23,0.02,0.19,0.02,871,113.0,RETURNED,0.2,0.5,24,60,pop:sample:4
26,1,128,120.0,2,0.23,0.03,0.19,0.02,893,117.0,RETURNED,0.2,0.5,24,60,pop:sample:6
26,1,128,124.0,3,0.24,0.02,0.19,0.02,886,122.0,RETURNED,0.2,0.5,24,60,pop:sample:8
26,1,128,125.0,4,0.23,0.02,0.19,0.02,934,124.0,RETURNED,0.2,0.5,24,60,pop:sample:10
26,1,128,127.0,5,0.23,0.02,0.19,0.02,901,127.0,RETURNED,0.2,0.5,24,60,pop:sample:12
26,1,128,127.0,6,0.23,0.02,0.19,0.02,900,127.0,RETURNED,0.2,0.5,24,60,pop:sample:13
26,1,128,128.0,7,0.2,0.02,0.16,0.01,772,127.0,RETURNED,0.2,0.5,24,60,pop:sample:15
27,4.69,0.06
27,0,128,107.0,0,0.23,0.02,0.19,0.02,834,76.0,RETURNED,0.2,0.5,24,60,pop:sample:1
27,0,128,117.0,1,0.23,0.02,0.19,0.02,863,110.0,RETURNED,0.2,0.5,24,60,pop:sample:3
27,0,128,122.0,2,0.23,0.02,0.19,0.02,872,118.0,RETURNED,0.2,0.5,24,60,pop:sample:5
27,0,128,124.0,3,0.23,0.02,0.19,0.02,874,122.0,RETURNED,0.2,0.5,24,60,pop:sample:8
27,0,128,126.0,4,0.24,0.02,0.19,0.02,871,125.0,RETURNED,0.2,0.5,24,60,pop:sample:10
27,0,128,126.0,5,0.24,0.02,0.19,0.02,891,126.0,RETURNED,0.2,0.5,24,60,pop:sample:11
27,0,128,126.0,6,0.23,0.02,0.19,0.02,849,126.0,RETURNED,0.2,0.5,24,60,pop:sample:13
27,0,128,126.0,7,0.23,0.02,0.19,0.02,915,126.0,RETURNED,0.2,0.5,24,60,pop:sample:15
27,0,128,126.0,8,0.23,0.02,0.19,0.02,915,126.0,RETURNED,0.2,0.5,24,60,pop:sample:17
27,0,128,126.0,9,0.23,0.02,0.19,0.02,845,126.0,RETURNED,0.2,0.5,24,60,pop:sample:19
27,0,128,126.0,10,0.23,0.02,0.19,0.02,903,126.0,RETURNED,0.2,0.5,24,60,pop:sample:21
27,0,128,127.0,11,0.23,0.02,0.19,0.02,870,126.0,RETURNED,0.2,0.5,24,60,pop:sample:23
27,0,128,127.0,12,0.23,0.02,0.19,0.02,902,127.0,RETURNED,0.2,0.5,24,60,pop:sample:25
27,0,128,127.0,13,0.23,0.02,0.19,0.02,910,127.0,RETURNED,0.2,0.5,24,60,pop:sample:27
27,0,128,127.0,14,0.23,0.02,0.19,0.02,928,127.0,RETURNED,0.2,0.5,24,60,pop:sample:29
27,0,128,127.0,15,0.23,0.02,0.19,0.02,876,127.0,RETURNED,0.2,0.5,24,60,pop:sample:31
27,0,128,127.0,16,0.23,0.02,0.18,0.02,856,127.0,RETURNED,0.2,0.5,24,60,pop:sample:34
27,0,128,127.0,17,0.24,0.02,0.19,0.02,907,127.0,RETURNED,0.2,0.5,24,60,pop:sample:35
27,0,128,127.0,18,0.23,0.02,0.19,0.02,939,127.0,RETURNED,0.2,0.5,24,60,pop:sample:38
27,0,128,127.0,19,0.24,0.02,0.19,0.02,900,127.0,RETURNED,0.2,0.5,24,60,pop:sample:40
27,1,128,109.0,0,0.23,0.02,0.19,0.02,864,78.0,RETURNED,0.2,0.5,24,60,pop:sample:2
27,1,128,117.0,1,0.23,0.02,0.19,0.02,852,110.0,RETURNED,0.2,0.5,24,60,pop:sample:4
27,1,128,121.0,2,0.23,0.02,0.19,0.02,886,118.0,RETURNED,0.2,0.5,24,60,pop:sample:6
27,1,128,125.0,3,0.23,0.02,0.19,0.02,890,123.0,RETURNED,0.2,0.5,24,60,pop:sample:7
27,1,128,126.0,4,0.24,0.02,0.19,0.02,895,125.0,RETURNED,0.2,0.5,24,60,pop:sample:9
27,1,128,126.0,5,0.24,0.02,0.19,0.02,919,126.0,RETURNED,0.2,0.5,24,60,pop:sample:12
27,1,128,126.0,6,0.23,0.02,0.19,0.02,879,126.0,RETURNED,0.2,0.5,24,60,pop:sample:14
27,1,128,126.0,7,0.23,0.02,0.19,0.02,924,126.0,RETURNED,0.2,0.5,24,60,pop:sample:16
27,1,128,126.0,8,0.23,0.02,0.19,0.02,884,126.0,RETURNED,0.2,0.5,24,60,pop:sample:18
27,1,128,126.0,9,0.23,0.02,0.19,0.02,910,126.0,RETURNED,0.2,0.5,24,60,pop:sample:20
27,1,128,126.0,10,0.24,0.02,0.19,0.02,862,126.0,RETURNED,0.2,0.5,24,60,pop:sample:22
27,1,128,126.0,11,0.23,0.02,0.19,0.02,907,126.0,RETURNED,0.2,0.5,24,60,pop:sample:24
27,1,128,127.0,12,0.23,0.02,0.19,0.02,868,127.0,RETURNED,0.2,0.5,24,60,pop:sample:26
27,1,128,127.0,13,0.23,0.02,0.19,0.02,867,127.0,RETURNED,0.2,0.5,24,60,pop:sample:28
27,1,128,127.0,14,0.23,0.02,0.19,0.02,903,127.0,RETURNED,0.2,0.5,24,60,pop:sample:30
27,1,128,127.0,15,0.23,0.02,0.19,0.02,864,127.0,RETURNED,0.2,0.5,24,60,pop:sample:32
27,1,128,127.0,16,0.23,0.02,0.19,0.02,888,127.0,RETURNED,0.2,0.5,24,60,pop:sample:33
27,1,128,127.0,17,0.23,0.02,0.19,0.02,919,127.0,RETURNED,0.2,0.5,24,60,pop:sample:36
27,1,128,127.0,18,0.23,0.02,0.19,0.02,864,127.0,RETURNED,0.2,0.5,24,60,pop:sample:37
27,1,128,127.0,19,0.24,0.02,0.19,0.02,902,127.0,RETURNED,0.2,0.5,24,60,pop:sample:39
28,2.54,0.05
28,0,128,108.0,0,0.23,0.02,0.19,0.02,853,78.0,RETURNED,0.2,0.5,24,60,pop:sample:1
28,0,128,118.0,1,0.23,0.02,0.19,0.02,879,115.0,RETURNED,0.2,0.5,24,60,pop:sample:4
28,0,128,125.0,2,0.23,0.02,0.18,0.02,907,120.0,RETURNED,0.2,0.5,24,60,pop:sample:6
28,0,128,125.0,3,0.23,0.02,0.19,0.02,843,125.0,RETURNED,0.2,0.5,24,60,pop:sample:7
28,0,128,125.0,4,0.23,0.02,0.19,0.02,873,125.0,RETURNED,0.2,0.5,24,60,pop:sample:10
28,0,128,126.0,5,0.23,0.02,0.19,0.02,891,125.0,RETURNED,0.2,0.5,24,60,pop:sample:11
28,0,128,127.0,6,0.23,0.02,0.19,0.02,890,126.0,RETURNED,0.2,0.5,24,60,pop:sample:13
28,0,128,127.0,7,0.23,0.02,0.19,0.02,863,127.0,RETURNED,0.2,0.5,24,60,pop:sample:15
28,0,128,127.0,8,0.22,0.03,0.19,0.01,891,127.0,RETURNED,0.2,0.5,24,60,pop:sample:17
28,0,128,127.0,9,0.23,0.02,0.19,0.01,925,127.0,RETURNED,0.2,0.5,24,60,pop:sample:19
28,0,128,127.0,10,0.22,0.03,0.18,0.01,899,127.0,RETURNED,0.2,0.5,24,60,pop:sample:21
28,1,128,114.0,0,0.23,0.03,0.19,0.02,854,75.0,RETURNED,0.2,0.5,24,60,pop:sample:2
28,1,128,119.0,1,0.23,0.02,0.19,0.02,900,114.0,RETURNED,0.2,0.5,24,60,pop:sample:3
28,1,128,123.0,2,0.23,0.02,0.19,0.02,905,120.0,RETURNED,0.2,0.5,24,60,pop:sample:5
28,1,128,125.0,3,0.23,0.02,0.19,0.02,898,125.0,RETURNED,0.2,0.5,24,60,pop:sample:8
28,1,128,125.0,4,0.23,0.02,0.19,0.02,881,125.0,RETURNED,0.2,0.5,24,60,pop:sample:9
28,1,128,125.0,5,0.23,0.02,0.19,0.02,908,125.0,RETURNED,0.2,0.5,24,60,pop:sample:12
28,1,128,126.0,6,0.23,0.02,0.19,0.02,893,126.0,RETURNED,0.2,0.5,24,60,pop:sample:14
28,1,128,127.0,7,0.23,0.02,0.19,0.02,910,127.0,RETURNED,0.2,0.5,24,60,pop:sample:16
28,1,128,127.0,8,0.23,0.02,0.19,0.02,942,127.0,RETURNED,0.2,0.5,24,60,pop:sample:18
28,1,128,127.0,9,0.23,0.02,0.19,0.02,880,127.0,RETURNED,0.2,0.5,24,60,pop:sample:20
28,1,128,128.0,10,0.08,0.02,0.05,0.01,259,127.0,RETURNED,0.2,0.5,24,60,pop:sample:22
29,1.22,0.06
29,0,128,113.0,0,0.23,0.02,0.19,0.02,925,78.0,RETURNED,0.2,0.5,24,60,pop:sample:1
29,0,128,120.0,1,0.23,0.02,0.19,0.02,849,116.0,RETURNED,0.2,0.5,24,60,pop:sample:4
29,0,128,124.0,2,0.23,0.02,0.19,0.02,868,122.0,RETURNED,0.2,0.5,24,60,pop:sample:6
29,0,128,126.0,3,0.23,0.02,0.19,0.02,906,125.0,RETURNED,0.2,0.5,24,60,pop:sample:8
29,0,128,127.0,4,0.23,0.02,0.19,0.02,898,126.0,RETURNED,0.2,0.5,24,60,pop:sample:10
29,0,128,128.0,5,0.05,0.02,0.0,0.02,38,128.0,RETURNED,0.2,0.5,24,60,pop:sample:12
29,1,128,113.0,0,0.23,0.02,0.19,0.02,879,75.0,RETURNED,0.2,0.5,24,60,pop:sample:2
29,1,128,118.0,1,0.23,0.02,0.19,0.02,876,115.0,RETURNED,0.2,0.5,24,60,pop:sample:3
29,1,128,123.0,2,0.23,0.02,0.19,0.02,875,120.0,RETURNED,0.2,0.5,24,60,pop:sample:5
29,1,128,125.0,3,0.23,0.02,0.19,0.02,888,124.0,RETURNED,0.2,0.5,24,60,pop:sample:7
29,1,128,126.0,4,0.23,0.02,0.19,0.02,873,126.0,RETURNED,0.2,0.5,24,60,pop:sample:9
29,1,128,128.0,5,0.05,0.02,0.0,0.02,37,128.0,RETURNED,0.2,0.5,24,60,pop:sample:11
